date,sno,symbol,conf,open,high,low,close,ltp,close_ltp_diff,close_ltp_pct,vwap,volume,prev_close,turnover,transactions,Diff,Range,Diff %,Range %,VWAP %,52 Weeks High,52 Weeks Low
2025-11-20,1,ACLBSL,20.7,996.0,996.0,975.2,989.0,989.0,0.0,0.0,991.9,444.0,978.5,440402.0,17,10.50,20.80,1.07,2.13,-0.29,"1,284.90",950.00
2025-11-20,2,ADBL,28.64,312.0,313.9,312.0,312.4,312.4,0.0,0.0,312.76,23008.0,312.8,7195946.3,124,-0.40,1.90,-0.13,0.61,-0.11,367.20,272.30
2025-11-20,3,AHL,34.23,609.9,614.0,595.0,603.0,603.0,0.0,0.0,601.48,5483.0,603.0,3297888.3,74,0.00,19.00,0.00,3.19,0.25,891.00,577.40
2025-11-20,4,AHPC,25.11,286.5,286.5,275.0,276.4,276.4,0.0,0.0,276.94,118171.0,281.0,32726203.7,336,-4.60,11.50,-1.64,4.18,-0.20,334.00,239.30
2025-11-20,5,AKJCL,30.69,186.6,188.7,185.1,186.9,186.9,0.0,0.0,186.34,48359.0,187.1,9011013.4,186,-0.20,3.60,-0.11,1.94,0.30,233.50,172.90
2025-11-20,6,AKPL,31.43,238.4,246.9,238.4,242.0,242.0,0.0,0.0,243.27,113532.0,241.0,27619231.0,266,1.00,8.50,0.41,3.57,-0.53,306.50,216.10
2025-11-20,7,ALBSL,42.49,1018.2,1079.0,1015.0,1054.0,1054.0,0.0,0.0,1034.33,56681.0,1038.9,58626866.8,286,15.10,64.00,1.45,6.31,1.87,"1,080.00",771.00
2025-11-20,8,ALICL,24.38,445.1,452.9,445.1,448.0,448.0,0.0,0.0,448.75,28268.0,451.0,12685339.4,183,-3.00,7.80,-0.67,1.75,-0.17,831.00,430.00
2025-11-20,9,ANLB,33.21,6100.0,6180.0,6100.0,6174.9,6174.9,0.0,0.0,6111.77,361.0,6139.9,2206349.8,32,35.00,80.00,0.57,1.31,1.02,"6,800.00","4,673.00"
2025-11-20,10,API,28.09,280.0,283.4,278.1,279.4,279.4,0.0,0.0,279.42,54780.0,281.5,15306697.8,235,-2.10,5.30,-0.75,1.91,-0.01,335.00,246.20
2025-11-20,11,AVYAN,24.33,996.9,997.0,958.0,974.4,974.4,0.0,0.0,970.7,3870.0,977.9,3756607.5,53,-3.50,39.00,-0.36,4.07,0.38,"1,306.80",906.00
2025-11-20,12,BANDIPUR,29.95,566.0,610.5,566.0,610.5,610.5,0.0,0.0,610.27,6810.0,555.0,4155966.0,681,55.50,44.50,10.00,7.86,0.04,610.50,285.00
2025-11-20,13,BARUN,29.54,345.0,352.0,333.0,343.0,343.0,0.0,0.0,343.14,349895.0,344.9,120063857.8,1101,-1.90,19.00,-0.55,5.71,-0.04,589.00,292.10
2025-11-20,14,BBC,28.3,4823.0,4939.9,4823.0,4920.0,4920.0,0.0,0.0,4893.37,270.0,4914.6,1321209.0,27,5.40,116.90,0.11,2.42,0.54,"7,247.00","4,127.50"
2025-11-20,15,BEDC,22.94,581.4,581.4,559.0,567.1,567.1,0.0,0.0,568.68,24685.0,570.0,14037917.7,207,-2.90,22.40,-0.51,4.01,-0.28,"1,080.00",501.00
2025-11-20,16,BFC,23.25,483.0,483.0,460.0,468.0,468.0,0.0,0.0,464.11,20081.0,474.0,9319798.3,156,-6.00,23.00,-1.27,5.00,0.83,951.60,411.50
2025-11-20,17,BGWT,35.56,776.0,776.0,755.0,757.0,757.0,0.0,0.0,758.18,1885.0,763.9,1429169.3,38,-6.90,21.00,-0.90,2.78,-0.16,"1,241.00",750.10
2025-11-20,18,BHCL,39.31,489.0,506.0,468.2,469.5,469.5,0.0,0.0,488.67,94449.0,488.0,46154473.5,1436,-18.50,37.80,-3.79,8.07,-4.08,625.70,292.10
2025-11-20,19,BHDC,37.96,479.0,494.0,475.0,485.1,485.1,0.0,0.0,487.16,61980.0,480.0,30194075.7,293,5.10,19.00,1.06,4.00,-0.42,760.20,426.00
2025-11-20,20,BHL,42.51,181.0,181.0,176.1,177.9,177.9,0.0,0.0,178.5,89992.0,179.6,16063862.7,353,-1.70,4.90,-0.95,2.78,-0.34,410.00,164.00
2025-11-20,21,BHPL,28.53,653.0,659.5,650.0,655.0,655.0,0.0,0.0,652.65,2035.0,658.0,1328148.0,34,-3.00,9.50,-0.46,1.46,0.36,"1,308.40",650.00
2025-11-20,22,BNHC,40.68,420.6,431.2,420.6,429.9,429.9,0.0,0.0,426.92,8765.0,425.3,3741947.2,81,4.60,10.60,1.08,2.52,0.69,608.00,393.00
2025-11-20,23,BNL,41.83,16600.0,16600.0,16530.0,16590.0,16590.0,0.0,0.0,16573.87,31.0,16320.0,513790.0,3,270.00,70.00,1.65,0.42,0.10,"22,500.00","14,900.00"
2025-11-20,24,BNT,46.61,11790.0,12240.0,11790.0,12100.0,12100.0,0.0,0.0,12091.0,1320.0,11590.0,15960116.0,65,510.00,450.00,4.40,3.82,0.07,"14,880.00","10,660.00"
2025-11-20,25,BPCL,35.49,719.7,726.9,713.0,716.5,716.5,0.0,0.0,717.46,99693.0,719.7,71525649.8,309,-3.20,13.90,-0.44,1.95,-0.13,"1,065.00",375.10
2025-11-20,26,BUNGAL,29.95,634.7,634.7,582.9,589.0,589.0,0.0,0.0,600.82,154398.0,647.6,92764782.5,7334,-58.60,51.80,-9.05,8.89,-2.01,647.60,302.40
2025-11-20,27,C30MF,31.51,8.9,8.93,8.9,8.9,8.9,0.0,0.0,8.91,700.0,9.05,6234.2,4,-0.15,0.03,-1.66,0.34,-0.07,10.71,8.65
2025-11-20,28,CBBL,25.39,999.0,1001.0,995.0,998.0,998.0,0.0,0.0,998.55,6464.0,1000.0,6454617.8,84,-2.00,6.00,-0.20,0.60,-0.05,"1,144.80",821.50
2025-11-20,29,CFCL,16.57,476.5,479.0,470.3,472.0,472.0,0.0,0.0,472.47,4613.0,476.5,2179518.8,40,-4.50,8.70,-0.94,1.85,-0.10,721.00,445.10
2025-11-20,30,CGH,22.23,861.0,862.0,848.0,854.0,854.0,0.0,0.0,852.16,19828.0,860.9,16896612.1,166,-6.90,14.00,-0.80,1.65,0.22,"1,150.00",800.20
2025-11-20,31,CHCL,27.0,480.0,483.9,477.3,483.9,483.9,0.0,0.0,479.95,44048.0,482.8,21140811.1,228,1.10,6.60,0.23,1.38,0.82,610.00,456.00
2025-11-20,32,CHDC,26.71,2242.0,2285.0,2241.0,2263.0,2263.0,0.0,0.0,2259.18,14162.0,2254.9,31994442.9,164,8.10,44.00,0.36,1.96,0.17,"2,997.90","1,545.30"
2025-11-20,33,CHL,45.51,250.0,263.8,250.0,260.6,260.6,0.0,0.0,259.81,76715.0,254.0,19931618.6,310,6.60,13.80,2.60,5.52,0.30,599.70,223.40
2025-11-20,34,CIT,41.2,1822.0,1825.0,1810.0,1825.0,1825.0,0.0,0.0,1817.89,9631.0,1823.0,17508107.3,137,2.00,15.00,0.11,0.83,0.39,"2,259.00","1,730.80"
2025-11-20,35,CITY,25.93,525.0,530.0,522.0,529.0,529.0,0.0,0.0,526.09,6912.0,532.0,3636343.7,61,-3.00,8.00,-0.56,1.53,0.55,"1,025.00",502.80
2025-11-20,36,CKHL,44.41,595.0,636.9,591.0,630.1,630.1,0.0,0.0,621.85,13022.0,590.0,8097712.0,198,40.10,45.90,6.80,7.77,1.31,910.00,550.00
2025-11-20,37,CLI,27.25,459.6,463.0,459.6,460.1,460.1,0.0,0.0,460.37,10738.0,462.6,4943488.7,230,-2.50,3.40,-0.54,0.74,-0.06,774.90,411.00
2025-11-20,38,CMF2,22.86,9.11,9.2,9.01,9.01,9.01,0.0,0.0,9.03,6130.0,9.28,55364.3,7,-0.27,0.19,-2.91,2.11,-0.24,10.86,8.64
2025-11-20,39,CORBL,29.95,1778.0,1778.0,1570.5,1680.0,1680.0,0.0,0.0,1658.8,34013.0,1745.0,56420891.5,373,-65.00,207.50,-3.72,13.21,1.26,"2,842.30","1,071.00"
2025-11-20,40,CREST,37.2,1217.0,1259.0,1217.0,1250.0,1250.0,0.0,0.0,1246.32,19628.0,1235.0,24462680.0,367,15.00,42.00,1.21,3.45,0.29,"2,458.20",302.50
2025-11-20,41,CYCL,23.12,1472.3,1492.5,1472.3,1480.0,1480.0,0.0,0.0,1478.99,1120.0,1496.0,1656465.7,33,-16.00,20.20,-1.07,1.37,0.07,"2,040.00","1,466.20"
2025-11-20,42,CZBIL,32.95,186.1,187.0,183.0,186.0,186.0,0.0,0.0,185.19,58849.0,189.0,10898253.7,189,-3.00,4.00,-1.59,2.19,0.44,240.10,183.00
2025-11-20,43,DDBL,34.02,840.0,854.0,836.1,850.0,850.0,0.0,0.0,846.3,7309.0,841.2,6185602.5,63,8.80,17.90,1.05,2.14,0.44,"1,010.00",759.00
2025-11-20,44,DHEL,28.52,600.0,619.0,561.0,566.0,566.0,0.0,0.0,592.73,93546.0,595.2,55447315.2,2896,-29.20,58.00,-4.91,10.34,-4.72,619.00,402.20
2025-11-20,45,DHPL,39.21,294.1,301.8,288.0,299.9,299.9,0.0,0.0,293.91,13631.0,299.9,4006293.0,93,0.00,13.80,0.00,4.79,2.00,427.20,258.70
2025-11-20,46,DLBS,41.64,1320.0,1458.6,1312.0,1458.6,1458.6,0.0,0.0,1348.38,3817.0,1326.0,5146773.4,62,132.60,146.60,10.00,11.17,7.56,"2,250.00","1,240.00"
2025-11-20,47,DOLTI,27.36,510.0,530.0,510.0,518.0,518.0,0.0,0.0,519.72,8505.0,515.0,4420207.7,114,3.00,20.00,0.58,3.92,-0.33,"1,017.00",470.60
2025-11-20,48,DORDI,41.37,261.9,276.0,259.1,269.0,269.0,0.0,0.0,271.01,361326.0,261.9,97923780.1,1391,7.10,16.90,2.71,6.52,-0.75,696.00,213.10
2025-11-20,49,EBL,39.68,639.0,647.0,635.0,640.0,640.0,0.0,0.0,638.02,17958.0,638.0,11457506.2,114,2.00,12.00,0.31,1.89,0.31,780.60,570.00
2025-11-20,50,EBLD85,31.14,1150.0,1150.0,1150.0,1150.0,1150.0,0.0,0.0,1150.0,30.0,1143.0,34500.0,1,7.00,0.00,0.61,0.00,0.00,"1,200.00","1,102.50"
2025-11-20,51,EBLEB89,17.32,1110.0,1110.0,1110.0,1088.0,1088.0,0.0,0.0,1088.0,1.0,1110.0,1088.0,1,-22.00,0.00,-1.98,0.00,0.00,"1,110.00",996.10
2025-11-20,52,EDBL,27.02,583.2,600.0,583.2,585.2,585.2,0.0,0.0,589.45,5338.0,594.1,3146469.0,45,-8.90,16.80,-1.50,2.88,-0.73,838.20,530.70
2025-11-20,53,EHPL,45.15,414.6,445.0,414.6,439.0,439.0,0.0,0.0,430.54,138176.0,423.0,59490465.0,549,16.00,30.40,3.78,7.33,1.93,937.00,385.00
2025-11-20,54,ENL,32.14,890.0,894.0,885.1,893.0,893.0,0.0,0.0,889.82,922.0,886.0,820416.6,20,7.00,8.90,0.79,1.01,0.36,"1,452.00",866.00
2025-11-20,55,FMDBL,21.74,814.7,829.9,814.7,814.7,814.7,0.0,0.0,820.98,21822.0,824.0,17915471.8,118,-9.30,15.20,-1.13,1.87,-0.77,"1,038.80",712.00
2025-11-20,56,FOWAD,37.12,1060.1,1099.5,1060.1,1090.0,1090.0,0.0,0.0,1078.13,762.0,1068.1,821537.7,26,21.90,39.40,2.05,3.72,1.09,"1,541.20","1,043.80"
2025-11-20,57,GBBD85,35.13,1106.5,1106.5,1085.1,1092.1,1092.1,0.0,0.0,1090.29,75.0,1129.0,81771.5,4,-36.90,21.40,-3.27,1.97,0.17,"1,135.00","1,010.00"
2025-11-20,58,GBBL,37.68,372.3,374.0,368.0,373.4,373.4,0.0,0.0,370.77,27745.0,374.0,10286945.5,99,-0.60,6.00,-0.16,1.63,0.70,498.00,367.40
2025-11-20,59,GBILD84/85,23.52,1136.0,1136.0,1136.0,1135.0,1135.0,0.0,0.0,1135.67,15.0,1157.4,17035.0,2,-22.40,0.00,-1.94,0.00,-0.06,"1,220.00","1,104.00"
2025-11-20,60,GBIME,33.96,223.9,224.8,218.9,221.9,221.9,0.0,0.0,220.77,277777.0,223.9,61325025.8,623,-2.00,5.90,-0.89,2.70,0.51,278.90,210.70
2025-11-20,61,GBIMESY2,28.5,8.68,8.98,8.68,8.73,8.73,0.0,0.0,8.86,5500.0,8.81,48731.0,16,-0.08,0.30,-0.91,3.46,-1.49,10.00,8.53
2025-11-20,62,GCIL,33.06,422.0,434.4,420.1,427.0,427.0,0.0,0.0,426.26,18373.0,423.3,7831671.1,221,3.70,14.30,0.87,3.40,0.17,613.00,400.00
2025-11-20,63,GFCL,23.12,572.0,580.0,572.0,573.1,573.1,0.0,0.0,574.08,6080.0,578.0,3490425.6,49,-4.90,8.00,-0.85,1.40,-0.17,"1,010.00",528.30
2025-11-20,64,GHL,29.7,213.0,214.6,210.5,212.9,212.9,0.0,0.0,211.91,44725.0,213.0,9477694.6,114,-0.10,4.10,-0.05,1.95,0.46,318.00,197.00
2025-11-20,65,GIBF1,41.03,9.76,9.95,9.76,9.92,9.92,0.0,0.0,9.94,8300.0,9.95,82522.0,12,-0.03,0.19,-0.30,1.95,-0.23,11.68,9.30
2025-11-20,66,GILB,33.29,1224.9,1226.0,1214.1,1214.1,1214.1,0.0,0.0,1217.65,1646.0,1226.9,2004247.4,25,-12.80,11.90,-1.04,0.98,-0.29,"1,441.60","1,131.90"
2025-11-20,67,GLBSL,23.17,1985.0,2029.9,1985.0,2001.0,2001.0,0.0,0.0,2006.09,710.0,2018.0,1424325.4,19,-17.00,44.90,-0.84,2.26,-0.25,"3,486.00","1,912.00"
2025-11-20,68,GLH,32.29,251.2,262.1,250.8,254.1,254.1,0.0,0.0,254.75,36783.0,255.8,9370489.0,207,-1.70,11.30,-0.66,4.51,-0.26,306.30,227.40
2025-11-20,69,GMFBS,22.53,1517.0,1519.0,1517.0,1519.0,1519.0,0.0,0.0,1511.29,14.0,1517.0,21158.0,2,2.00,2.00,0.13,0.13,0.51,"1,980.00","1,395.00"
2025-11-20,70,GMFIL,26.83,441.2,447.9,435.1,443.0,443.0,0.0,0.0,440.33,13681.0,448.4,6024193.8,77,-5.40,12.80,-1.20,2.94,0.60,697.00,393.10
2025-11-20,71,GMLI,36.91,1788.6,1851.0,1788.6,1825.0,1825.0,0.0,0.0,1834.09,2796.0,1825.1,5128108.4,76,-0.10,62.40,-0.01,3.49,-0.50,"2,778.00",301.00
2025-11-20,72,GRDBL,41.84,1060.0,1100.0,1056.0,1077.9,1077.9,0.0,0.0,1080.46,16477.0,1075.9,17802802.1,189,2.00,44.00,0.19,4.17,-0.24,"2,001.40",822.00
2025-11-20,73,GSY,28.13,8.82,9.13,8.82,8.95,8.95,0.0,0.0,8.94,5950.0,8.96,53221.5,26,-0.01,0.31,-0.11,3.51,0.06,10.30,8.75
2025-11-20,74,GUFL,26.27,500.0,502.0,491.0,500.0,500.0,0.0,0.0,495.9,3717.0,500.5,1843266.0,39,-0.50,11.00,-0.10,2.24,0.82,827.00,460.60
2025-11-20,75,GVL,25.22,532.8,532.8,518.4,522.5,522.5,0.0,0.0,524.99,28027.0,528.9,14713766.1,218,-6.40,14.40,-1.21,2.78,-0.48,662.00,424.00
2025-11-20,76,H8020,32.25,10.4,10.64,10.4,10.64,10.64,0.0,0.0,10.58,14800.0,10.2,156584.0,9,0.44,0.24,4.31,2.31,0.56,12.21,9.67
2025-11-20,77,HATHY,20.34,902.5,911.0,900.0,908.9,908.9,0.0,0.0,905.92,2611.0,909.0,2365369.5,88,-0.10,11.00,-0.01,1.22,0.33,"1,600.00",884.00
2025-11-20,78,HBL,36.21,185.9,190.0,185.9,187.9,187.9,0.0,0.0,187.16,70636.0,186.6,13220232.7,1575,1.30,4.10,0.70,2.21,0.39,264.70,184.00
2025-11-20,79,HDHPC,33.55,172.0,174.0,170.0,171.5,171.5,0.0,0.0,171.96,49490.0,172.0,8510060.0,170,-0.50,4.00,-0.29,2.35,-0.27,225.90,162.00
2025-11-20,80,HDL,31.67,1130.1,1130.1,1103.0,1114.4,1114.4,0.0,0.0,1112.46,30697.0,1108.0,34149218.0,440,6.40,27.10,0.58,2.46,0.17,"1,556.10","1,103.00"
2025-11-20,81,HEI,24.48,483.0,483.0,475.2,476.0,476.0,0.0,0.0,476.76,7783.0,482.0,3710611.9,47,-6.00,7.80,-1.24,1.64,-0.16,722.00,458.00
2025-11-20,82,HEIP,29.21,322.0,322.0,315.6,315.6,315.6,0.0,0.0,315.66,1010.0,319.0,318820.0,2,-3.40,6.40,-1.07,2.03,-0.02,563.00,308.70
2025-11-20,83,HHL,35.57,331.5,340.0,331.5,337.0,337.0,0.0,0.0,336.16,31380.0,337.6,10548571.9,151,-0.60,8.50,-0.18,2.56,0.25,635.00,310.70
2025-11-20,84,HIDCL,28.89,261.7,269.0,261.7,262.9,262.9,0.0,0.0,265.0,54871.0,267.0,14541016.1,208,-4.10,7.30,-1.54,2.79,-0.80,340.00,225.40
2025-11-20,85,HIDCLP,31.23,179.9,185.4,179.9,182.6,182.6,0.0,0.0,183.15,68893.0,183.5,12617865.2,123,-0.90,5.50,-0.49,3.06,-0.30,239.00,153.90
2025-11-20,86,HIMSTAR,46.61,729.7,810.0,715.2,788.5,788.5,0.0,0.0,784.02,51453.0,744.5,40339982.4,1247,44.00,94.80,5.91,13.26,0.57,810.00,252.20
2025-11-20,87,HLBSL,34.85,882.5,899.9,882.5,899.6,899.6,0.0,0.0,891.94,1425.0,895.0,1271010.4,31,4.60,17.40,0.51,1.97,0.85,"1,140.00",837.00
2025-11-20,88,HLI,24.01,368.0,370.0,365.8,366.0,366.0,0.0,0.0,367.27,38833.0,367.7,14262262.3,276,-1.70,4.20,-0.46,1.15,-0.35,506.80,354.80
2025-11-20,89,HLICF,23.46,9.14,9.25,9.01,9.25,9.25,0.0,0.0,9.11,1810.0,9.3,16497.5,13,-0.05,0.24,-0.54,2.66,1.46,10.00,8.80
2025-11-20,90,HPPL,22.41,468.0,478.9,468.0,478.0,478.0,0.0,0.0,473.66,71986.0,477.1,34096722.1,262,0.90,10.90,0.19,2.33,0.91,711.00,379.20
2025-11-20,91,HRL,25.47,795.0,801.0,790.2,791.0,791.0,0.0,0.0,792.09,53239.0,794.0,42169989.3,714,-3.00,10.80,-0.38,1.37,-0.14,"1,156.00",762.10
2025-11-20,92,HURJA,34.48,222.0,228.0,220.2,222.5,222.5,0.0,0.0,223.92,49941.0,224.0,11182688.8,162,-1.50,7.80,-0.67,3.54,-0.64,283.40,204.60
2025-11-20,93,ICFC,35.26,618.0,627.4,618.0,624.0,624.0,0.0,0.0,621.61,3737.0,621.0,2322972.8,31,3.00,9.40,0.48,1.52,0.38,784.90,555.00
2025-11-20,94,ICFCD88,28.77,1150.1,1150.1,1150.1,1150.1,1150.1,0.0,0.0,1150.1,25.0,1150.0,28752.5,1,0.10,0.00,0.01,0.00,0.00,"1,173.00","1,000.00"
2025-11-20,95,IGI,20.92,410.0,410.0,403.4,405.0,405.0,0.0,0.0,406.53,6218.0,407.0,2527825.1,57,-2.00,6.60,-0.49,1.64,-0.38,664.20,392.00
2025-11-20,96,IHL,42.79,530.2,580.0,520.3,561.0,561.0,0.0,0.0,558.31,23117.0,541.0,12906407.4,255,20.00,59.70,3.70,11.47,0.48,838.00,490.00
2025-11-20,97,ILBS,30.06,1101.0,1113.0,1094.0,1094.0,1094.0,0.0,0.0,1096.85,7402.0,1114.8,8118909.0,65,-20.80,19.00,-1.87,1.74,-0.26,"1,311.00",795.20
2025-11-20,98,ILI,31.48,450.4,458.0,450.4,457.8,457.8,0.0,0.0,456.38,15337.0,456.6,6999446.0,270,1.20,7.60,0.26,1.69,0.31,530.00,405.00
2025-11-20,99,JBBD87,22.81,1148.1,1148.1,1148.0,1148.0,1148.0,0.0,0.0,1148.04,130.0,1157.0,149245.0,2,-9.00,0.10,-0.78,0.01,0.00,"1,260.00","1,035.10"
2025-11-20,100,JBBL,21.98,307.1,314.9,307.1,313.0,313.0,0.0,0.0,311.65,15137.0,313.3,4717397.5,133,-0.30,7.80,-0.10,2.54,0.43,430.90,295.00
2025-11-20,101,JBBLPO,25.0,187.0,187.0,187.0,187.0,187.0,0.0,0.0,187.0,3482.0,187.0,651134.0,1,0.00,0.00,0.00,0.00,0.00,204.00,187.00
2025-11-20,102,JBLB,43.23,1466.0,1539.1,1465.1,1510.0,1510.0,0.0,0.0,1508.28,26407.0,1480.0,39829229.4,389,30.00,74.00,2.03,5.05,0.11,"1,695.00","1,270.70"
2025-11-20,103,JFL,23.38,424.0,431.9,421.0,422.0,422.0,0.0,0.0,424.9,5796.0,425.0,2462700.6,85,-3.00,10.90,-0.71,2.59,-0.69,"1,080.00",395.00
2025-11-20,104,JHAPA,29.95,422.3,455.5,422.3,455.5,455.5,0.0,0.0,451.42,200.0,414.1,90283.0,20,41.40,33.20,10.00,7.86,0.90,455.50,293.40
2025-11-20,105,JOSHI,38.6,336.2,353.5,330.0,334.1,334.1,0.0,0.0,340.11,59869.0,343.0,20361987.2,372,-8.90,23.50,-2.59,7.12,-1.80,521.60,254.00
2025-11-20,106,JSLBB,31.01,1147.0,1148.0,1120.0,1147.6,1147.6,0.0,0.0,1121.92,2149.0,1135.0,2410999.0,23,12.60,28.00,1.11,2.50,2.24,"1,860.40","1,059.00"
2025-11-20,107,KBL,27.81,176.5,178.9,176.0,176.5,176.5,0.0,0.0,176.99,82544.0,177.5,14609274.3,379,-1.00,2.90,-0.56,1.65,-0.28,235.00,175.50
2025-11-20,108,KBLD86,18.51,1142.0,1142.0,1142.0,1142.0,1142.0,0.0,0.0,1142.0,25.0,1153.0,28550.0,1,-11.00,0.00,-0.95,0.00,0.00,"1,234.00","1,080.30"
2025-11-20,109,KBSH,22.38,1807.9,1807.9,1771.1,1771.6,1771.6,0.0,0.0,1778.96,133.0,1805.0,236601.9,6,-33.40,36.80,-1.85,2.08,-0.42,"3,300.00","1,700.00"
2025-11-20,110,KDBY,18.47,9.0,9.0,8.88,9.0,9.0,0.0,0.0,8.98,2310.0,9.0,20741.6,19,0.00,0.12,0.00,1.35,0.23,10.57,8.67
2025-11-20,111,KDL,37.62,882.2,899.0,877.1,894.6,894.6,0.0,0.0,881.49,1120.0,900.0,987269.0,35,-5.40,21.90,-0.60,2.50,1.47,"1,306.30",868.00
2025-11-20,112,KEF,42.65,9.02,9.2,8.88,9.05,9.05,0.0,0.0,8.99,6198.0,9.02,55707.82,18,0.03,0.32,0.33,3.60,0.68,10.42,8.48
2025-11-20,113,KKHC,37.27,246.5,251.4,244.1,251.4,251.4,0.0,0.0,248.02,19902.0,251.5,4936106.4,92,-0.10,7.30,-0.04,2.99,1.34,475.90,216.00
2025-11-20,114,KMCDB,23.61,987.1,1003.9,986.0,997.9,997.9,0.0,0.0,991.08,1377.0,992.0,1364718.2,27,5.90,17.90,0.59,1.82,0.68,"1,270.00",936.60
2025-11-20,115,KPCL,22.13,547.0,552.0,546.3,549.0,549.0,0.0,0.0,548.62,26418.0,554.0,14493465.7,129,-5.00,5.70,-0.90,1.04,0.07,711.00,490.00
2025-11-20,116,KSBBL,39.97,421.4,427.0,421.4,426.9,426.9,0.0,0.0,423.65,29164.0,425.0,12355206.1,57,1.90,5.60,0.45,1.33,0.76,588.00,404.10
2025-11-20,117,KSY,35.75,8.74,8.85,8.74,8.85,8.85,0.0,0.0,8.78,1800.0,8.91,15804.0,6,-0.06,0.11,-0.67,1.26,0.79,10.64,8.25
2025-11-20,118,LBBL,17.95,444.0,454.0,444.0,447.1,447.1,0.0,0.0,449.15,69857.0,453.0,31376293.7,249,-5.90,10.00,-1.30,2.25,-0.46,646.30,376.50
2025-11-20,119,LBBLD89,25.37,1272.0,1272.0,1272.0,1272.0,1272.0,0.0,0.0,1272.0,10.0,1265.0,12720.0,1,7.00,0.00,0.55,0.00,0.00,"1,325.00","1,082.00"
2025-11-20,120,LEC,24.9,193.1,195.0,190.3,193.0,193.0,0.0,0.0,192.49,60055.0,193.0,11560237.8,201,0.00,4.70,0.00,2.47,0.26,263.00,180.00
2025-11-20,121,LICN,26.96,845.5,862.0,844.0,850.0,850.0,0.0,0.0,846.65,6044.0,846.0,5117179.0,68,4.00,18.00,0.47,2.13,0.39,"1,606.00",773.00
2025-11-20,122,LLBS,40.99,929.9,935.0,920.0,920.0,920.0,0.0,0.0,921.7,781.0,948.8,719849.1,16,-28.80,15.00,-3.04,1.63,-0.18,"1,367.30",865.00
2025-11-20,123,LSL,41.87,230.0,230.4,227.5,229.6,229.6,0.0,0.0,229.52,124505.0,230.5,28576904.7,227,-0.90,2.90,-0.39,1.27,0.03,263.10,201.00
2025-11-20,124,LUK,16.43,9.11,9.18,9.11,9.18,9.18,0.0,0.0,9.13,505.0,9.04,4611.9,3,0.14,0.07,1.55,0.77,0.52,11.97,8.97
2025-11-20,125,LVF2,33.14,9.07,9.07,9.07,9.07,9.07,0.0,0.0,9.07,200.0,9.24,1814.0,2,-0.17,0.00,-1.84,0.00,0.00,11.45,8.76
2025-11-20,126,MABEL,27.86,691.3,730.0,665.0,708.7,708.7,0.0,0.0,681.54,70596.0,705.4,48114129.4,2322,3.30,65.00,0.47,9.77,3.83,730.00,317.70
2025-11-20,127,MAKAR,29.08,548.8,570.0,548.8,560.0,560.0,0.0,0.0,556.92,4080.0,560.0,2272233.0,75,0.00,21.20,0.00,3.86,0.55,860.00,520.00
2025-11-20,128,MANDU,42.06,780.0,784.5,777.2,782.0,782.0,0.0,0.0,779.0,1942.0,782.0,1512821.4,34,0.00,7.30,0.00,0.94,0.38,"1,063.50",766.50
2025-11-20,129,MATRI,20.41,930.1,949.0,930.1,942.0,942.0,0.0,0.0,941.6,274.0,940.3,257998.1,13,1.70,18.90,0.18,2.03,0.04,"1,464.80",930.10
2025-11-20,130,MBJC,39.98,287.0,287.0,278.2,279.7,279.7,0.0,0.0,281.31,13799.0,282.0,3881775.0,211,-2.30,8.80,-0.82,3.16,-0.58,410.00,270.00
2025-11-20,131,MBL,26.45,209.0,210.5,208.5,209.0,209.0,0.0,0.0,208.92,26114.0,211.5,5455760.4,92,-2.50,2.00,-1.18,0.96,0.04,272.10,205.00
2025-11-20,132,MBLD87,18.43,1088.1,1088.1,1088.1,1088.1,1088.1,0.0,0.0,1088.1,25.0,1108.0,27202.5,1,-19.90,0.00,-1.80,0.00,0.00,"1,141.00","1,020.00"
2025-11-20,133,MBLEF,30.34,8.8,8.97,8.8,8.89,8.89,0.0,0.0,8.92,5500.0,8.84,49072.0,16,0.05,0.17,0.57,1.93,-0.36,10.19,8.59
2025-11-20,134,MCHL,31.83,471.0,482.0,470.0,475.1,475.1,0.0,0.0,477.43,1847.0,473.0,881820.4,38,2.10,12.00,0.44,2.55,-0.49,714.00,450.40
2025-11-20,135,MDB,31.8,559.0,566.9,559.0,560.0,560.0,0.0,0.0,560.46,5271.0,564.1,2954180.6,28,-4.10,7.90,-0.73,1.41,-0.08,843.50,530.50
2025-11-20,136,MEHL,33.6,407.0,425.0,403.1,411.4,411.4,0.0,0.0,413.89,18456.0,407.7,7638845.8,138,3.70,21.90,0.91,5.43,-0.61,696.00,372.40
2025-11-20,137,MEL,46.61,304.0,324.3,292.2,314.0,314.0,0.0,0.0,307.76,149132.0,304.0,45896762.6,759,10.00,32.10,3.29,10.99,1.99,393.00,259.80
2025-11-20,138,MEN,39.15,662.9,664.9,652.5,658.1,658.1,0.0,0.0,658.14,94582.0,659.8,62248385.5,491,-1.70,12.40,-0.26,1.90,-0.01,758.00,552.40
2025-11-20,139,MERO,39.05,728.0,771.5,715.0,750.0,750.0,0.0,0.0,746.47,22347.0,742.0,16681461.3,127,8.00,56.50,1.08,7.90,0.47,"1,000.00",648.00
2025-11-20,140,MFIL,22.6,587.8,587.8,570.2,574.9,574.9,0.0,0.0,573.63,9726.0,580.0,5579139.6,58,-5.10,17.60,-0.88,3.09,0.22,799.60,545.00
2025-11-20,141,MHCL,28.25,390.3,402.0,390.3,394.5,394.5,0.0,0.0,398.22,7901.0,398.0,3146299.5,72,-3.50,11.70,-0.88,3.00,-0.94,655.00,363.00
2025-11-20,142,MHL,32.78,479.0,481.0,476.0,479.1,479.1,0.0,0.0,479.74,23478.0,480.3,11263321.5,107,-1.20,5.00,-0.25,1.05,-0.13,"1,088.00",445.00
2025-11-20,143,MHNL,46.58,253.0,259.8,244.0,257.0,257.0,0.0,0.0,254.57,44210.0,257.5,11254743.4,148,-0.50,15.80,-0.19,6.48,0.94,316.00,226.00
2025-11-20,144,MKCL,25.15,1336.0,1353.0,1333.0,1337.1,1337.1,0.0,0.0,1338.01,2782.0,1349.8,3722351.0,61,-12.70,20.00,-0.94,1.50,-0.07,"1,900.00","1,333.00"
2025-11-20,145,MKHC,43.41,379.0,400.0,371.5,393.1,393.1,0.0,0.0,389.04,11176.0,385.9,4347950.1,132,7.20,28.50,1.87,7.67,1.03,627.00,334.20
2025-11-20,146,MKHL,34.78,755.9,818.0,755.9,818.0,818.0,0.0,0.0,790.92,5900.0,771.0,4666451.0,87,47.00,62.10,6.10,8.22,3.31,"1,027.00",553.00
2025-11-20,147,MKJC,22.96,546.7,546.7,527.1,530.0,530.0,0.0,0.0,531.4,22812.0,536.0,12122302.5,139,-6.00,19.60,-1.12,3.72,-0.26,635.00,475.50
2025-11-20,148,MLBBL,32.77,1450.5,1479.0,1450.0,1475.0,1475.0,0.0,0.0,1470.71,2938.0,1468.9,4320935.0,26,6.10,29.00,0.42,2.00,0.29,"2,019.00","1,345.00"
2025-11-20,149,MLBL,21.72,380.9,380.9,377.0,377.0,377.0,0.0,0.0,378.3,15561.0,380.6,5886704.4,93,-3.60,3.90,-0.95,1.03,-0.34,488.00,348.90
2025-11-20,150,MLBS,23.49,1480.2,1540.0,1480.2,1499.0,1499.0,0.0,0.0,1488.75,857.0,1510.0,1275856.0,19,-11.00,59.80,-0.73,4.04,0.68,"2,530.00","1,395.00"
2025-11-20,151,MLBSL,27.51,1995.0,1995.0,1962.0,1965.1,1965.1,0.0,0.0,1966.63,1771.0,1995.0,3482909.0,35,-29.90,33.00,-1.50,1.68,-0.08,"2,648.70","1,892.00"
2025-11-20,152,MMF1,42.99,8.36,8.75,8.27,8.75,8.75,0.0,0.0,8.49,29652.0,8.51,251889.3,50,0.24,0.48,2.82,5.80,2.92,9.95,8.05
2025-11-20,153,MMKJL,33.16,579.0,612.0,578.0,594.0,594.0,0.0,0.0,596.36,17643.0,579.0,10521548.4,151,15.00,34.00,2.59,5.88,-0.40,890.40,528.20
2025-11-20,154,MNBBL,33.13,349.8,349.8,345.0,347.0,347.0,0.0,0.0,346.21,24615.0,348.5,8521983.0,166,-1.50,4.80,-0.43,1.39,0.23,503.00,343.60
2025-11-20,155,MNMF1,33.76,8.81,8.85,8.81,8.85,8.85,0.0,0.0,8.83,1400.0,8.97,12359.0,10,-0.12,0.04,-1.34,0.45,0.25,10.42,8.58
2025-11-20,156,MPFL,30.23,525.0,545.5,525.0,540.0,540.0,0.0,0.0,535.26,8066.0,535.1,4317441.2,45,4.90,20.50,0.92,3.90,0.88,830.00,491.00
2025-11-20,157,MSHL,37.47,885.5,903.0,885.3,900.0,900.0,0.0,0.0,891.35,334.0,901.0,297711.0,15,-1.00,17.70,-0.11,2.00,0.96,"1,135.00",808.50
2025-11-20,158,MSLB,36.28,1354.5,1435.0,1354.4,1402.5,1402.5,0.0,0.0,1391.98,7574.0,1379.0,10542860.9,94,23.50,80.60,1.70,5.95,0.75,"1,841.00","1,130.20"
2025-11-20,159,NABBC,39.05,820.1,853.0,820.1,851.9,851.9,0.0,0.0,841.24,63130.0,836.8,53107627.0,101,15.10,32.90,1.80,4.01,1.25,"2,060.00",662.00
2025-11-20,160,NABIL,40.23,508.0,508.0,503.0,506.0,506.0,0.0,0.0,504.62,27947.0,507.0,14102498.5,258,-1.00,5.00,-0.20,0.99,0.27,569.10,471.00
2025-11-20,161,NABILD2089,24.16,1067.0,1067.0,1063.0,1064.0,1064.0,0.0,0.0,1064.63,200.0,1062.1,212925.0,4,1.90,4.00,0.18,0.38,-0.06,"1,082.40","1,000.00"
2025-11-20,162,NABILD87,32.05,1129.0,1129.0,1129.0,1151.5,1151.5,0.0,0.0,1151.5,1.0,1129.0,1151.5,1,22.50,0.00,1.99,0.00,0.00,"1,152.00","1,040.00"
2025-11-20,163,NADEP,23.99,740.0,745.0,726.8,745.0,745.0,0.0,0.0,733.33,1142.0,740.0,837466.0,33,5.00,18.20,0.68,2.50,1.57,"1,067.00",696.00
2025-11-20,164,NBF2,22.39,8.91,9.0,8.9,9.0,9.0,0.0,0.0,8.91,4100.0,9.05,36550.0,13,-0.05,0.10,-0.55,1.12,0.95,11.10,8.86
2025-11-20,165,NBF3,30.21,8.87,8.94,8.77,8.94,8.94,0.0,0.0,8.87,24500.0,8.81,217210.0,19,0.13,0.17,1.48,1.94,0.83,10.67,8.35
2025-11-20,166,NBL,27.32,235.1,237.0,235.1,235.6,235.6,0.0,0.0,236.2,24693.0,237.0,5832464.8,156,-1.40,1.90,-0.59,0.81,-0.25,313.00,225.40
2025-11-20,167,NBLD87,24.79,1088.1,1100.0,1088.1,1100.0,1100.0,0.0,0.0,1091.17,175.0,1086.1,190955.0,5,13.90,11.90,1.28,1.09,0.80,"1,140.00","1,010.10"
2025-11-20,168,NESDO,32.63,1484.1,1513.0,1484.1,1513.0,1513.0,0.0,0.0,1495.73,360.0,1514.0,538461.8,27,-1.00,28.90,-0.07,1.95,1.14,"2,522.00","1,380.10"
2025-11-20,169,NFS,32.07,646.8,659.0,638.0,640.0,640.0,0.0,0.0,644.01,35419.0,659.9,22810127.6,314,-19.90,21.00,-3.02,3.29,-0.63,"1,605.00",576.00
2025-11-20,170,NGPL,32.38,371.0,378.0,371.0,376.0,376.0,0.0,0.0,375.18,143311.0,373.1,53767474.8,392,2.90,7.00,0.78,1.89,0.22,560.00,250.00
2025-11-20,171,NHDL,32.98,695.0,695.0,684.0,686.1,686.1,0.0,0.0,687.23,610.0,684.1,419211.3,37,2.00,11.00,0.29,1.61,-0.16,"1,002.60",630.00
2025-11-20,172,NHPC,41.2,191.0,191.0,186.0,188.0,188.0,0.0,0.0,188.75,35452.0,187.9,6691400.8,160,0.10,5.00,0.05,2.69,-0.40,254.00,178.60
2025-11-20,173,NIBD2082,21.51,1100.0,1100.0,1100.0,1100.0,1100.0,0.0,0.0,1100.0,100.0,1117.0,110000.0,1,-17.00,0.00,-1.52,0.00,0.00,"1,174.40","1,046.90"
2025-11-20,174,NIBLGF,31.48,8.39,8.5,8.33,8.33,8.33,0.0,0.0,8.38,3100.0,8.55,25973.15,12,-0.22,0.17,-2.57,2.04,-0.58,10.09,7.84
2025-11-20,175,NIBLSTF,29.95,8.31,8.4,8.14,8.35,8.35,0.0,0.0,8.3,412369.0,8.47,3422510.35,18,-0.12,0.26,-1.42,3.19,0.60,10.08,7.85
2025-11-20,176,NIBSF2,35.74,8.24,8.5,8.24,8.4,8.4,0.0,0.0,8.43,9000.0,8.4,75837.0,14,0.00,0.26,0.00,3.16,-0.31,9.58,8.01
2025-11-20,177,NICA,32.74,306.1,307.5,304.5,306.4,306.4,0.0,0.0,305.59,47593.0,306.9,14543739.9,249,-0.50,3.00,-0.16,0.99,0.27,444.00,304.50
2025-11-20,178,NICAD2091,23.41,1072.0,1072.0,1060.0,1070.0,1070.0,0.0,0.0,1064.4,259.0,1072.0,275679.1,5,-2.00,12.00,-0.19,1.13,0.52,"1,093.00","1,005.20"
2025-11-20,179,NICAD85/86,29.56,1150.0,1150.0,1150.0,1150.0,1150.0,0.0,0.0,1150.0,30.0,1132.1,34500.0,1,17.90,0.00,1.58,0.00,0.00,"1,190.00","1,053.50"
2025-11-20,180,NICBF,41.42,8.6,8.77,8.6,8.77,8.77,0.0,0.0,8.75,6500.0,8.76,56897.0,6,0.01,0.17,0.11,1.98,0.19,10.60,8.48
2025-11-20,181,NICD88,37.3,1125.0,1125.0,1125.0,1125.0,1125.0,0.0,0.0,1125.0,25.0,1132.0,28125.0,1,-7.00,0.00,-0.62,0.00,0.00,"1,138.00","1,006.00"
2025-11-20,182,NICFC,34.02,8.53,8.68,8.53,8.56,8.56,0.0,0.0,8.62,5850.0,8.69,50455.0,15,-0.13,0.15,-1.50,1.76,-0.76,10.40,8.53
2025-11-20,183,NICGF2,23.54,8.6,8.61,8.45,8.46,8.46,0.0,0.0,8.48,6910.0,8.6,58620.6,12,-0.14,0.16,-1.63,1.89,-0.28,9.98,8.33
2025-11-20,184,NICL,23.41,507.8,507.8,501.0,502.0,502.0,0.0,0.0,501.97,8369.0,504.0,4200954.6,115,-2.00,6.80,-0.40,1.36,0.01,"1,050.00",489.10
2025-11-20,185,NICLBSL,33.57,555.0,555.0,540.2,549.3,549.3,0.0,0.0,545.15,7051.0,550.0,3843844.5,101,-0.70,14.80,-0.13,2.74,0.76,764.00,535.00
2025-11-20,186,NICSF,32.89,8.32,8.47,8.32,8.35,8.35,0.0,0.0,8.36,9450.0,8.4,79027.97,10,-0.05,0.15,-0.60,1.80,-0.15,10.40,8.23
2025-11-20,187,NIFRA,36.58,271.0,275.5,270.0,273.0,273.0,0.0,0.0,273.11,94045.0,275.9,25684233.1,512,-2.90,5.50,-1.05,2.04,-0.04,328.10,240.10
2025-11-20,188,NIFRAGED,25.4,1013.5,1013.5,1013.5,1013.5,1013.5,0.0,0.0,1013.5,50.0,1010.5,50675.0,2,3.00,0.00,0.30,0.00,0.00,"1,020.00",948.00
2025-11-20,189,NIFRAUR85/,30.3,1044.1,1060.0,1044.1,1060.0,1060.0,0.0,0.0,1052.05,50.0,1062.0,52602.5,2,-2.00,15.90,-0.19,1.52,0.75,"1,065.00",955.00
2025-11-20,190,NIL,34.07,570.1,583.0,570.1,578.0,578.0,0.0,0.0,577.88,5854.0,579.0,3382902.9,61,-1.00,12.90,-0.17,2.26,0.02,999.00,562.00
2025-11-20,191,NIMB,25.8,189.3,192.5,188.8,189.0,189.0,0.0,0.0,189.52,70119.0,190.0,13288841.5,285,-1.00,3.70,-0.53,1.96,-0.27,247.00,188.80
2025-11-20,192,NIMBPO,25.35,157.7,157.8,155.1,155.2,155.2,0.0,0.0,156.84,6077.0,155.0,953097.6,5,0.20,2.70,0.13,1.74,-1.05,184.50,147.70
2025-11-20,193,NLG,25.24,676.1,691.0,675.3,683.0,683.0,0.0,0.0,679.7,10532.0,684.0,7158577.2,88,-1.00,15.70,-0.15,2.32,0.48,"1,195.00",660.00
2025-11-20,194,NLIC,25.72,799.0,806.0,793.0,804.0,804.0,0.0,0.0,801.84,24300.0,799.0,19484824.0,187,5.00,13.00,0.63,1.64,0.27,890.00,702.00
2025-11-20,195,NLICL,30.8,597.09,608.0,597.09,599.0,599.0,0.0,0.0,598.04,12917.0,601.9,7724936.64,60,-2.90,10.91,-0.48,1.83,0.16,738.00,539.00
2025-11-20,196,NMB,28.86,235.0,238.0,234.5,237.0,237.0,0.0,0.0,236.09,34574.0,234.6,8162411.5,99,2.40,3.50,1.02,1.49,0.39,283.00,230.00
2025-11-20,197,NMB50,23.62,9.83,10.0,9.83,9.86,9.86,0.0,0.0,9.97,15101.0,9.9,150579.0,9,-0.04,0.17,-0.40,1.73,-1.13,11.93,9.75
2025-11-20,198,NMBD87/88,16.77,1102.0,1102.0,1102.0,1102.0,1102.0,0.0,0.0,1102.0,3.0,1102.0,3306.0,1,0.00,0.00,0.00,0.00,0.00,"1,141.00","1,010.00"
2025-11-20,199,NMBHF2,38.63,8.77,8.94,8.77,8.8,8.8,0.0,0.0,8.89,6900.0,8.94,61362.0,20,-0.14,0.17,-1.57,1.94,-1.06,10.00,8.16
2025-11-20,200,NMBMF,40.08,662.0,677.9,654.5,673.0,673.0,0.0,0.0,665.58,3336.0,653.0,2220363.9,33,20.00,23.40,3.06,3.58,1.10,876.00,596.00
2025-11-20,201,NMFBS,32.21,1265.0,1290.0,1264.2,1290.0,1290.0,0.0,0.0,1277.69,3283.0,1289.0,4194667.6,38,1.00,25.80,0.08,2.04,0.95,"1,639.50","1,161.00"
2025-11-20,202,NMIC,41.21,1285.0,1325.0,1241.0,1280.0,1280.0,0.0,0.0,1289.78,10869.0,1260.1,14018575.5,224,19.90,84.00,1.58,6.77,-0.76,"2,703.30",302.30
2025-11-20,203,NMLBBL,27.79,639.5,639.5,622.0,630.0,630.0,0.0,0.0,629.06,4772.0,627.1,3001868.0,42,2.90,17.50,0.46,2.81,0.15,807.00,600.00
2025-11-20,204,NRIC,34.6,1339.9,1339.9,1305.1,1330.0,1330.0,0.0,0.0,1313.07,96707.0,1317.0,126982915.6,492,13.00,34.80,0.99,2.67,1.27,"1,842.00",722.00
2025-11-20,205,NRM,31.76,417.5,424.0,415.2,419.0,419.0,0.0,0.0,418.99,27939.0,419.8,11706259.0,232,-0.80,8.80,-0.19,2.12,0.00,645.00,390.10
2025-11-20,206,NRN,24.19,1944.0,1945.0,1918.0,1923.1,1923.1,0.0,0.0,1924.73,35793.0,1945.0,68891894.6,492,-21.90,27.00,-1.13,1.41,-0.08,"2,444.00",910.00
2025-11-20,207,NSIF2,39.63,10.0,10.15,10.0,10.03,10.03,0.0,0.0,10.14,10600.0,10.0,107486.0,7,0.03,0.15,0.30,1.50,-1.10,11.93,9.75
2025-11-20,208,NTC,20.9,853.0,859.0,847.3,850.1,850.1,0.0,0.0,851.79,4835.0,852.3,4118384.4,98,-2.20,11.70,-0.26,1.38,-0.20,"1,053.00",762.50
2025-11-20,209,NUBL,42.96,735.5,745.0,733.2,737.0,737.0,0.0,0.0,739.44,8010.0,736.0,5922885.2,53,1.00,11.80,0.14,1.61,-0.33,854.40,650.00
2025-11-20,210,NWCL,44.47,783.0,840.0,783.0,830.2,830.2,0.0,0.0,817.45,7178.0,790.0,5867638.3,157,40.20,57.00,5.09,7.28,1.54,"1,147.00",740.20
2025-11-20,211,NYADI,33.7,386.2,403.0,386.2,396.8,396.8,0.0,0.0,395.56,8194.0,394.0,3241223.2,121,2.80,16.80,0.71,4.35,0.31,880.00,324.00
2025-11-20,212,OHL,24.62,689.0,689.0,669.2,683.0,683.0,0.0,0.0,674.17,8185.0,689.0,5518083.3,69,-6.00,19.80,-0.87,2.96,1.29,"1,100.00",633.10
2025-11-20,213,OMPL,43.76,1180.0,1233.0,1180.0,1195.9,1195.9,0.0,0.0,1207.89,22132.0,1180.0,26733019.5,469,15.90,53.00,1.35,4.49,-1.00,"2,167.20",270.00
2025-11-20,214,PBD85,27.36,1095.0,1095.0,1095.0,1095.0,1095.0,0.0,0.0,1095.0,50.0,1092.0,54750.0,1,3.00,0.00,0.27,0.00,0.00,"1,109.00","1,020.60"
2025-11-20,215,PCBL,27.11,251.0,251.0,245.9,247.0,247.0,0.0,0.0,248.84,37558.0,251.8,9345843.1,131,-4.80,5.10,-1.91,2.07,-0.74,290.00,226.00
2025-11-20,216,PFL,22.1,374.0,381.4,374.0,374.0,374.0,0.0,0.0,375.34,5537.0,377.5,2078250.3,72,-3.50,7.40,-0.93,1.98,-0.36,788.40,339.90
2025-11-20,217,PHCL,25.1,329.0,329.0,312.0,315.0,315.0,0.0,0.0,316.17,42988.0,323.0,13591336.0,379,-8.00,17.00,-2.48,5.45,-0.37,745.60,312.00
2025-11-20,218,PMHPL,27.36,331.0,331.0,321.2,327.0,327.0,0.0,0.0,325.81,27478.0,327.0,8952683.4,116,0.00,9.80,0.00,3.05,0.36,468.00,259.50
2025-11-20,219,PMLI,29.93,477.1,490.0,477.1,481.0,481.0,0.0,0.0,483.84,8223.0,485.9,3978597.5,155,-4.90,12.90,-1.01,2.70,-0.59,665.00,445.00
2025-11-20,220,PPCL,40.53,320.3,335.0,320.0,334.0,334.0,0.0,0.0,329.21,49710.0,324.6,16364878.0,216,9.40,15.00,2.90,4.69,1.44,409.90,264.80
2025-11-20,221,PPL,31.42,327.1,343.0,327.0,341.9,341.9,0.0,0.0,336.74,150145.0,332.0,50560498.6,423,9.90,16.00,2.98,4.89,1.51,648.60,263.20
2025-11-20,222,PRIN,23.31,664.9,664.9,646.1,648.0,648.0,0.0,0.0,649.83,7730.0,656.1,5023187.1,59,-8.10,18.80,-1.23,2.91,-0.28,"1,088.80",630.00
2025-11-20,223,PROFL,27.72,465.5,465.5,456.2,460.2,460.2,0.0,0.0,461.99,6286.0,462.4,2904086.6,55,-2.20,9.30,-0.48,2.04,-0.39,741.60,421.40
2025-11-20,224,PRSF,23.09,10.35,10.35,10.1,10.1,10.1,0.0,0.0,10.13,61200.0,10.18,619809.0,17,-0.08,0.25,-0.79,2.48,-0.27,12.05,9.67
2025-11-20,225,PRVU,28.91,185.0,186.9,184.2,184.9,184.9,0.0,0.0,185.22,73899.0,185.4,13687317.3,319,-0.50,2.70,-0.27,1.47,-0.17,250.90,184.20
2025-11-20,226,PSF,40.23,10.15,10.22,10.15,10.2,10.2,0.0,0.0,10.21,25000.0,10.23,255155.0,10,-0.03,0.07,-0.29,0.69,-0.06,11.90,9.47
2025-11-20,227,PURE,43.57,850.0,870.0,840.0,841.0,841.0,0.0,0.0,853.73,28409.0,850.1,24253732.1,462,-9.10,30.00,-1.07,3.57,-1.51,"1,327.90",289.30
2025-11-20,228,RADHI,31.42,757.0,758.0,730.0,747.0,747.0,0.0,0.0,745.5,153662.0,743.0,114555392.4,507,4.00,28.00,0.54,3.84,0.20,905.60,322.20
2025-11-20,229,RAWA,42.76,705.4,718.0,700.0,715.0,715.0,0.0,0.0,710.05,1158.0,719.0,822238.1,33,-4.00,18.00,-0.56,2.57,0.69,990.00,686.00
2025-11-20,230,RBBD2088,36.91,1069.5,1069.5,1067.0,1068.1,1068.1,0.0,0.0,1069.34,910.0,1056.0,973102.0,7,12.10,2.50,1.15,0.23,-0.12,"1,080.00",967.60
2025-11-20,231,RBCL,21.18,14800.0,14900.0,14777.3,14900.0,14900.0,0.0,0.0,14846.39,71.0,14800.0,1054094.0,7,100.00,122.70,0.68,0.83,0.36,"18,409.00","14,024.00"
2025-11-20,232,RBCLPO,21.39,11900.0,12088.0,11900.0,12088.0,12088.0,0.0,0.0,11931.33,60.0,11900.0,715880.0,2,188.00,188.00,1.58,1.58,1.30,"13,530.00","11,007.10"
2025-11-20,233,RFPL,34.26,353.0,368.0,350.0,352.0,352.0,0.0,0.0,354.23,28149.0,355.0,9971188.4,210,-3.00,18.00,-0.85,5.14,-0.63,"1,484.00",306.00
2025-11-20,234,RHGCL,45.66,251.0,271.0,250.0,268.8,268.8,0.0,0.0,265.17,215427.0,254.5,57124779.0,815,14.30,21.00,5.62,8.40,1.35,708.00,217.20
2025-11-20,235,RHPL,24.92,260.0,268.2,260.0,261.0,261.0,0.0,0.0,262.99,31113.0,263.0,8182556.9,158,-2.00,8.20,-0.76,3.15,-0.76,527.00,252.30
2025-11-20,236,RIDI,36.55,222.2,233.0,222.2,231.4,231.4,0.0,0.0,228.86,145082.0,226.0,33203861.1,322,5.40,10.80,2.39,4.86,1.10,302.00,203.50
2025-11-20,237,RLFL,24.68,430.0,433.2,419.0,422.0,422.0,0.0,0.0,424.34,13255.0,424.8,5624673.7,92,-2.80,14.20,-0.66,3.39,-0.56,722.00,398.00
2025-11-20,238,RMF1,38.41,9.26,9.26,8.96,9.0,9.0,0.0,0.0,9.04,46110.0,9.08,416882.2,26,-0.08,0.30,-0.88,3.35,-0.46,11.40,8.38
2025-11-20,239,RMF2,22.48,8.92,9.0,8.9,8.9,8.9,0.0,0.0,8.91,8500.0,9.1,75758.0,12,-0.20,0.10,-2.20,1.12,-0.14,10.58,8.73
2025-11-20,240,RNLI,26.98,467.0,472.0,467.0,471.0,471.0,0.0,0.0,470.94,30932.0,475.0,14566963.9,279,-4.00,5.00,-0.84,1.07,0.01,593.00,416.00
2025-11-20,241,RSDC,31.61,610.0,615.0,600.0,613.9,613.9,0.0,0.0,610.04,10302.0,611.4,6284598.6,91,2.50,15.00,0.41,2.50,0.63,880.00,586.00
2025-11-20,242,RSY,29.71,8.84,9.02,8.84,9.0,9.0,0.0,0.0,8.9,4580.0,9.02,40763.6,22,-0.02,0.18,-0.22,2.04,1.11,10.08,8.58
2025-11-20,243,RURU,22.7,742.0,786.0,742.0,757.9,757.9,0.0,0.0,755.42,13505.0,757.0,10201959.2,100,0.90,44.00,0.12,5.93,0.33,853.00,640.00
2025-11-20,244,SADBL,34.07,399.0,400.0,395.1,396.0,396.0,0.0,0.0,396.9,17384.0,399.0,6899721.2,68,-3.00,4.90,-0.75,1.24,-0.23,526.50,372.40
2025-11-20,245,SAGAR,29.95,767.8,828.0,767.8,828.0,828.0,0.0,0.0,826.44,950.0,752.8,785122.0,95,75.20,60.20,9.99,7.84,0.19,828.00,319.50
2025-11-20,246,SAGF,35.9,9.7,9.7,9.32,9.32,9.32,0.0,0.0,9.5,2981.0,9.89,28306.4,9,-0.57,0.38,-5.76,4.08,-1.88,11.00,8.79
2025-11-20,247,SAHAS,35.83,685.0,687.0,670.0,672.0,672.0,0.0,0.0,675.15,619243.0,680.0,418083048.4,2947,-8.00,17.00,-1.18,2.54,-0.47,705.00,463.00
2025-11-20,248,SALICO,36.21,578.2,585.0,578.0,584.0,584.0,0.0,0.0,578.93,4996.0,589.0,2892350.7,53,-5.00,7.00,-0.85,1.21,0.87,780.00,570.10
2025-11-20,249,SAND2085,36.58,1145.2,1145.2,1145.2,1145.2,1145.2,0.0,0.0,1145.2,25.0,1160.0,28630.0,1,-14.80,0.00,-1.28,0.00,0.00,"1,189.00","1,069.20"
2025-11-20,250,SANIMA,28.89,301.0,301.0,296.1,298.5,298.5,0.0,0.0,298.34,32482.0,302.0,9690794.4,166,-3.50,4.90,-1.16,1.65,0.05,391.00,285.00
2025-11-20,251,SANVI,46.35,641.0,688.0,638.0,644.0,644.0,0.0,0.0,666.74,68012.0,641.8,45346502.4,1131,2.20,50.00,0.34,7.84,-3.53,930.40,359.00
2025-11-20,252,SAPDBL,46.61,825.0,888.6,810.0,888.6,888.6,0.0,0.0,829.24,204209.0,825.0,169337402.3,766,63.60,78.60,7.71,9.70,6.68,"1,622.70",686.00
2025-11-20,253,SARBTM,22.26,906.0,906.0,886.0,886.1,886.1,0.0,0.0,892.57,5143.0,900.0,4590486.8,104,-13.90,20.00,-1.54,2.26,-0.73,"1,048.00",700.00
2025-11-20,254,SBCF,31.66,9.0,9.08,8.95,9.08,9.08,0.0,0.0,9.02,2915.0,8.96,26291.2,8,0.12,0.13,1.34,1.45,0.67,12.03,8.70
2025-11-20,255,SBD87,23.97,1096.5,1096.5,1096.5,1085.1,1085.1,0.0,0.0,1085.1,5.0,1096.5,5425.5,1,-11.40,0.00,-1.04,0.00,0.00,"1,131.00","1,018.00"
2025-11-20,256,SBI,19.99,388.0,393.0,387.1,391.0,391.0,0.0,0.0,388.69,10357.0,394.7,4025667.0,42,-3.70,5.90,-0.94,1.52,0.59,488.00,363.00
2025-11-20,257,SBID2090,22.38,1063.0,1063.0,1063.0,1063.0,1063.0,0.0,0.0,1063.0,50.0,1059.0,53150.0,1,4.00,0.00,0.38,0.00,0.00,"1,095.00","1,000.00"
2025-11-20,258,SBL,30.38,328.7,328.7,322.5,325.9,325.9,0.0,0.0,323.95,17891.0,322.7,5795845.0,77,3.20,6.20,0.99,1.92,0.60,408.00,261.00
2025-11-20,259,SBLD2091,39.88,1100.0,1100.0,1080.1,1100.9,1100.9,0.0,0.0,1098.08,256.0,1080.0,281107.9,3,20.90,19.90,1.94,1.84,0.26,"1,115.00",825.35
2025-11-20,260,SCB,25.14,643.0,643.0,633.0,637.0,637.0,0.0,0.0,635.14,9825.0,636.9,6240242.8,86,0.10,10.00,0.02,1.58,0.29,779.20,594.90
2025-11-20,261,SEF,32.58,9.35,9.35,9.01,9.09,9.09,0.0,0.0,9.09,3400.0,9.22,30914.55,9,-0.13,0.34,-1.41,3.77,-0.03,11.50,8.97
2025-11-20,262,SFCL,20.13,397.0,397.0,390.0,392.6,392.6,0.0,0.0,393.4,6541.0,392.1,2573206.6,44,0.50,7.00,0.13,1.79,-0.20,848.00,373.10
2025-11-20,263,SFEF,34.06,9.0,9.15,9.0,9.15,9.15,0.0,0.0,9.13,1060.0,9.1,9674.0,3,0.05,0.15,0.55,1.67,0.26,11.12,8.82
2025-11-20,264,SFMF,35.95,10.0,10.0,10.0,10.0,10.0,0.0,0.0,10.0,2300.0,9.81,23000.0,3,0.19,0.00,1.94,0.00,0.00,11.74,9.40
2025-11-20,265,SGHC,40.41,397.1,432.0,397.1,421.0,421.0,0.0,0.0,421.77,230038.0,405.0,97022473.0,776,16.00,34.90,3.95,8.79,-0.18,649.50,296.00
2025-11-20,266,SGIC,24.07,451.6,456.0,451.0,451.5,451.5,0.0,0.0,452.33,11864.0,456.1,5366498.4,103,-4.60,5.00,-1.01,1.11,-0.18,742.00,439.00
2025-11-20,267,SHEL,31.98,283.0,288.0,283.0,284.1,284.1,0.0,0.0,285.36,119328.0,287.0,34051275.8,357,-2.90,5.00,-1.01,1.77,-0.44,347.80,227.40
2025-11-20,268,SHINE,28.98,401.0,404.8,400.3,402.0,402.0,0.0,0.0,402.79,13613.0,404.0,5483189.0,60,-2.00,4.50,-0.50,1.12,-0.20,506.00,382.00
2025-11-20,269,SHINED,21.86,1151.1,1160.0,1150.2,1160.0,1160.0,0.0,0.0,1156.34,575.0,1151.1,664897.5,10,8.90,9.80,0.77,0.85,0.32,"1,171.00","1,000.00"
2025-11-20,270,SHIVM,22.15,590.0,593.1,580.3,580.4,580.4,0.0,0.0,586.37,153172.0,590.0,89815201.8,491,-9.60,12.80,-1.63,2.21,-1.03,709.00,495.00
2025-11-20,271,SHL,32.55,550.0,552.0,544.0,546.0,546.0,0.0,0.0,545.72,96431.0,545.8,52624320.2,423,0.20,8.00,0.04,1.47,0.05,619.00,455.00
2025-11-20,272,SHLB,25.07,1695.7,1720.0,1695.5,1700.0,1700.0,0.0,0.0,1700.68,1196.0,1729.0,2034017.0,38,-29.00,24.50,-1.68,1.45,-0.04,"2,907.00","1,695.50"
2025-11-20,273,SHPC,35.74,500.0,503.0,498.0,500.9,500.9,0.0,0.0,500.24,47849.0,504.9,23936092.9,149,-4.00,5.00,-0.79,1.00,0.13,684.90,438.10
2025-11-20,274,SICL,25.07,619.0,630.0,619.0,622.0,622.0,0.0,0.0,623.82,5751.0,629.0,3587616.9,39,-7.00,11.00,-1.11,1.78,-0.29,891.00,588.80
2025-11-20,275,SIFC,25.79,485.0,490.0,485.0,485.2,485.2,0.0,0.0,486.07,3588.0,489.8,1744003.7,39,-4.60,5.00,-0.94,1.03,-0.18,708.00,459.00
2025-11-20,276,SIGS2,23.54,9.0,9.08,8.91,9.08,9.08,0.0,0.0,9.06,7450.0,9.0,67471.0,11,0.08,0.17,0.89,1.91,0.26,11.70,8.90
2025-11-20,277,SIGS3,41.93,9.28,9.28,9.14,9.14,9.14,0.0,0.0,9.17,30833.0,9.28,282764.59,13,-0.14,0.14,-1.51,1.53,-0.34,11.46,8.50
2025-11-20,278,SIKLES,40.16,648.0,652.0,640.0,650.0,650.0,0.0,0.0,645.56,42188.0,640.0,27234758.7,169,10.00,12.00,1.56,1.88,0.68,"1,475.00",606.50
2025-11-20,279,SINDU,46.61,709.0,765.0,685.0,765.0,765.0,0.0,0.0,707.65,33629.0,698.0,23797522.3,254,67.00,80.00,9.60,11.68,7.50,"1,482.00",608.00
2025-11-20,280,SJCL,28.48,276.8,285.0,276.8,284.7,284.7,0.0,0.0,280.31,15876.0,282.4,4450134.1,109,2.30,8.20,0.81,2.96,1.54,393.70,267.00
2025-11-20,281,SJLIC,26.47,435.0,435.0,426.5,430.0,430.0,0.0,0.0,430.26,5874.0,433.0,2527325.0,142,-3.00,8.50,-0.69,1.99,-0.06,518.90,390.00
2025-11-20,282,SKBBL,31.14,859.0,859.0,841.9,846.0,846.0,0.0,0.0,848.29,9215.0,845.3,7816965.0,85,0.70,17.10,0.08,2.03,-0.27,999.00,780.00
2025-11-20,283,SLBBL,36.35,846.0,857.0,846.0,851.0,851.0,0.0,0.0,850.95,4808.0,847.1,4091389.3,72,3.90,11.00,0.46,1.30,0.01,"1,159.40",780.00
2025-11-20,284,SLBSL,36.6,1302.0,1315.0,1280.0,1305.9,1305.9,0.0,0.0,1303.35,2061.0,1302.0,2686211.1,52,3.90,35.00,0.30,2.73,0.20,"3,047.00","1,234.50"
2025-11-20,285,SLCF,39.13,9.0,9.13,9.0,9.13,9.13,0.0,0.0,9.04,50666.0,9.0,457972.27,11,0.13,0.13,1.44,1.44,1.00,11.99,8.60
2025-11-20,286,SMATA,38.71,796.0,797.0,782.1,784.0,784.0,0.0,0.0,785.27,8353.0,795.6,6559400.1,131,-11.60,14.90,-1.46,1.91,-0.16,"1,382.00",734.10
2025-11-20,287,SMB,41.56,2100.0,2134.9,2097.0,2134.9,2134.9,0.0,0.0,2107.19,1273.0,2139.0,2682456.2,32,-4.10,37.90,-0.19,1.81,1.30,"4,026.20","1,968.10"
2025-11-20,288,SMFBS,26.51,1686.0,1686.0,1588.8,1640.0,1640.0,0.0,0.0,1642.91,2051.0,1653.3,3369606.3,28,-13.30,97.20,-0.80,6.12,-0.18,"2,426.40","1,490.00"
2025-11-20,289,SMH,43.41,785.0,800.0,759.5,795.0,795.0,0.0,0.0,781.16,3085.0,775.0,2409892.0,44,20.00,40.50,2.58,5.33,1.74,"1,228.00",725.00
2025-11-20,290,SMHL,40.83,768.4,848.0,768.4,802.0,802.0,0.0,0.0,792.07,34020.0,784.0,26946093.5,234,18.00,79.60,2.30,10.36,1.24,"1,657.00",738.40
2025-11-20,291,SMJC,43.57,508.0,518.0,506.0,513.9,513.9,0.0,0.0,512.39,17785.0,508.0,9112785.6,227,5.90,12.00,1.16,2.37,0.29,735.00,480.00
2025-11-20,292,SMPDA,23.46,873.4,889.5,873.1,885.0,885.0,0.0,0.0,880.16,1134.0,889.9,998101.1,46,-4.90,16.40,-0.55,1.88,0.55,"1,205.00",840.00
2025-11-20,293,SNLI,29.69,482.5,483.0,471.0,471.0,471.0,0.0,0.0,474.39,31068.0,476.5,14738280.8,352,-5.50,12.00,-1.15,2.55,-0.72,744.50,411.60
2025-11-20,294,SONA,45.26,418.0,433.0,415.0,426.0,426.0,0.0,0.0,424.38,63536.0,418.0,26963519.2,487,8.00,18.00,1.91,4.34,0.38,545.00,398.00
2025-11-20,295,SPC,46.3,470.0,483.0,466.0,482.0,482.0,0.0,0.0,475.63,26185.0,464.9,12454290.8,212,17.10,17.00,3.68,3.65,1.32,722.00,441.00
2025-11-20,296,SPDL,33.8,413.0,453.0,413.0,419.7,419.7,0.0,0.0,419.91,158000.0,421.0,66346155.2,505,-1.30,40.00,-0.31,9.69,-0.05,465.00,307.70
2025-11-20,297,SPHL,39.92,500.0,517.0,497.0,514.9,514.9,0.0,0.0,511.19,17698.0,505.0,9047027.2,111,9.90,20.00,1.96,4.02,0.72,922.00,477.10
2025-11-20,298,SPIL,23.89,650.0,659.0,647.5,656.0,656.0,0.0,0.0,649.29,3068.0,659.0,1992020.9,45,-3.00,11.50,-0.46,1.78,1.02,980.40,625.00
2025-11-20,299,SPL,29.43,939.0,939.0,901.2,912.0,912.0,0.0,0.0,917.69,598.0,934.9,548780.0,25,-22.90,37.80,-2.45,4.19,-0.62,"1,102.20",765.00
2025-11-20,300,SRLI,27.6,382.3,391.0,382.3,389.9,389.9,0.0,0.0,389.08,14107.0,388.5,5488788.0,187,1.40,8.70,0.36,2.28,0.21,480.00,363.90
2025-11-20,301,SSHL,32.41,165.0,166.0,162.6,164.6,164.6,0.0,0.0,164.17,55043.0,165.0,9036212.2,228,-0.40,3.40,-0.24,2.09,0.26,313.80,156.00
2025-11-20,302,STC,45.91,5400.0,5400.0,5212.1,5365.0,5365.0,0.0,0.0,5349.8,2338.0,5317.0,12507826.0,109,48.00,187.90,0.90,3.61,0.28,"6,399.00","4,832.00"
2025-11-20,303,SWBBL,27.11,765.0,777.0,765.0,774.5,774.5,0.0,0.0,768.9,11343.0,780.0,8721620.1,131,-5.50,12.00,-0.71,1.57,0.72,"1,046.50",756.90
2025-11-20,304,SWMF,24.11,680.4,689.0,677.1,686.9,686.9,0.0,0.0,679.26,1847.0,689.9,1254595.9,32,-3.00,11.90,-0.43,1.76,1.11,877.00,641.10
2025-11-20,305,SWMFPO,23.27,382.0,382.0,382.0,382.0,382.0,0.0,0.0,382.0,10000.0,382.0,3820000.0,1,0.00,0.00,0.00,0.00,0.00,399.00,250.00
2025-11-20,306,TAMOR,24.62,463.4,471.9,463.4,471.9,471.9,0.0,0.0,469.08,4042.0,469.0,1896029.5,101,2.90,8.50,0.62,1.83,0.60,637.00,443.00
2025-11-20,307,TPC,38.67,317.6,338.0,317.6,334.9,334.9,0.0,0.0,331.78,98957.0,324.0,32831762.6,392,10.90,20.40,3.36,6.42,0.93,671.60,270.10
2025-11-20,308,TRH,33.99,694.0,695.0,685.0,693.0,693.0,0.0,0.0,687.41,5768.0,687.2,3964980.9,67,5.80,10.00,0.84,1.46,0.81,"1,284.00",681.10
2025-11-20,309,TSHL,36.35,681.0,713.0,681.0,706.0,706.0,0.0,0.0,700.86,7127.0,691.0,4995008.6,102,15.00,32.00,2.17,4.70,0.73,"1,169.90",616.80
2025-11-20,310,TTL,46.61,754.0,795.6,743.0,763.0,763.0,0.0,0.0,772.37,57996.0,754.0,44794403.2,1234,9.00,52.60,1.19,7.08,-1.23,"1,262.80",366.10
2025-11-20,311,TVCL,25.9,407.5,414.5,407.4,411.0,411.0,0.0,0.0,410.59,5415.0,415.0,2223354.1,59,-4.00,7.10,-0.96,1.74,0.10,697.00,386.00
2025-11-20,312,UAIL,24.15,437.0,444.0,437.0,441.8,441.8,0.0,0.0,440.31,11526.0,445.0,5075046.6,125,-3.20,7.00,-0.72,1.60,0.34,767.00,422.10
2025-11-20,313,UHEWA,30.94,575.0,594.0,573.9,586.0,586.0,0.0,0.0,587.85,12388.0,580.0,7282313.9,107,6.00,20.10,1.03,3.50,-0.32,993.40,508.50
2025-11-20,314,ULBSL,28.56,3800.0,3825.0,3750.0,3800.0,3800.0,0.0,0.0,3798.84,8152.0,3795.0,30968136.8,63,5.00,75.00,0.13,2.00,0.03,"6,600.00","2,931.00"
2025-11-20,315,ULHC,31.07,450.0,461.0,445.0,445.0,445.0,0.0,0.0,452.63,10923.0,455.5,4944031.9,115,-10.50,16.00,-2.31,3.60,-1.71,693.00,411.70
2025-11-20,316,UMHL,30.16,532.1,535.0,530.0,535.0,535.0,0.0,0.0,533.17,34208.0,534.3,18238735.4,140,0.70,5.00,0.13,0.94,0.34,625.00,310.00
2025-11-20,317,UMRH,41.85,557.0,559.0,545.9,550.1,550.1,0.0,0.0,550.05,7390.0,552.0,4064850.7,51,-1.90,13.10,-0.34,2.40,0.01,790.00,517.00
2025-11-20,318,UNHPL,22.59,513.0,515.0,500.0,503.5,503.5,0.0,0.0,507.74,239411.0,514.9,121558956.8,553,-11.40,15.00,-2.21,3.00,-0.84,554.70,263.90
2025-11-20,319,UNL,40.31,47150.0,47150.0,46801.0,46850.0,46850.0,0.0,0.0,46950.25,40.0,47290.0,1878010.0,4,-440.00,349.00,-0.93,0.75,-0.21,"50,724.00","43,800.00"
2025-11-20,320,UNLB,31.41,1959.0,1959.0,1882.0,1955.0,1955.0,0.0,0.0,1907.24,827.0,1959.0,1577288.2,28,-4.00,77.00,-0.20,4.09,2.44,"3,223.00","1,818.40"
2025-11-20,321,UPCL,24.65,370.2,370.2,358.5,361.8,361.8,0.0,0.0,361.41,83537.0,363.0,30191400.1,253,-1.20,11.70,-0.33,3.26,0.11,489.00,260.00
2025-11-20,322,UPPER,41.83,171.7,178.0,171.7,176.0,176.0,0.0,0.0,176.38,67379.0,175.1,11884181.6,314,0.90,6.30,0.51,3.67,-0.21,228.00,166.00
2025-11-20,323,USHEC,30.74,470.0,484.5,467.2,477.0,477.0,0.0,0.0,474.72,34620.0,470.1,16434805.4,126,6.90,17.30,1.47,3.70,0.48,752.00,410.00
2025-11-20,324,USHL,26.63,686.0,690.0,675.0,685.0,685.0,0.0,0.0,679.16,3043.0,688.0,2066692.5,45,-3.00,15.00,-0.44,2.22,0.85,905.00,588.00
2025-11-20,325,USLB,21.39,1813.0,1813.0,1750.0,1796.9,1796.9,0.0,0.0,1779.97,29549.0,1778.0,52596437.4,227,18.90,63.00,1.06,3.60,0.94,"2,750.00","1,471.00"
2025-11-20,326,VLBS,29.42,761.2,785.0,761.2,785.0,785.0,0.0,0.0,770.44,1171.0,775.0,902189.8,21,10.00,23.80,1.29,3.13,1.85,"1,008.00",737.00
2025-11-20,327,VLUCL,38.94,551.1,566.0,547.0,560.0,560.0,0.0,0.0,557.8,7380.0,557.9,4116546.4,85,2.10,19.00,0.38,3.47,0.39,802.00,516.00
2025-11-20,328,WNLB,39.48,1968.9,1995.0,1950.0,1970.0,1970.0,0.0,0.0,1964.23,329.0,2009.0,646233.1,21,-39.00,45.00,-1.94,2.31,0.29,"4,271.00","1,800.00"
