date,sno,symbol,conf,open,high,low,close,ltp,close_ltp_diff,close_ltp_pct,vwap,volume,prev_close,turnover,transactions,Diff,Range,Diff %,Range %,VWAP %,120 Days,180 Days,52 Weeks High,52 Weeks Low
2026-04-29,1,ACLBSL,32.82,960.1,960.1,941.3,941.3,941.3,0.0,0.0,945.16,1093.0,960.1,1033056.1,30,-18.80,18.80,-1.96,2.00,-0.41,980.48,"1,014.41","1,240.00",827.90
2026-04-29,2,ADBL,28.54,311.8,311.0,307.2,308.7,308.7,0.0,0.0,308.89,18742.0,311.8,5789150.4,178,-3.10,3.80,-0.99,1.24,-0.06,307.05,312.37,344.90,272.30
2026-04-29,3,AHL,27.37,500.0,530.0,490.0,495.0,495.0,0.0,0.0,499.94,19027.0,505.0,9512437.0,186,-10.00,40.00,-1.98,8.16,-1.00,562.48,588.04,721.00,461.10
2026-04-29,4,AHPC,29.75,277.0,282.8,277.0,277.7,277.7,0.0,0.0,278.84,78511.0,281.0,21891962.5,297,-3.30,5.80,-1.17,2.09,-0.41,281.98,285.64,334.00,250.10
2026-04-29,5,AKJCL,31.68,404.1,404.1,365.0,374.0,374.0,0.0,0.0,371.38,393154.0,384.9,146009254.1,827,-10.90,39.10,-2.83,10.71,0.70,282.21,256.49,431.80,172.90
2026-04-29,6,AKPL,28.19,285.4,285.4,266.0,267.2,267.2,0.0,0.0,267.94,68788.0,272.0,18431021.0,312,-4.80,19.40,-1.76,7.29,-0.28,261.22,261.48,317.00,227.50
2026-04-29,7,ALBSL,35.7,1067.8,1135.0,1067.8,1110.0,1110.0,0.0,0.0,1107.68,14645.0,1124.0,16221962.8,101,-14.00,67.20,-1.25,6.29,0.21,"1,125.70","1,072.90","1,334.00",771.00
2026-04-29,8,ALICL,32.35,454.5,455.1,452.2,453.9,453.9,0.0,0.0,453.51,12054.0,454.5,5466611.8,76,-0.60,2.90,-0.13,0.64,0.09,467.75,476.16,759.00,430.00
2026-04-29,9,ANLB,32.06,6251.0,6275.0,6100.0,6275.0,6275.0,0.0,0.0,6137.25,101.0,6251.0,619861.8,9,24.00,175.00,0.38,2.87,2.20,"6,253.86","6,119.73","6,989.00","5,055.20"
2026-04-29,10,API,30.55,339.1,340.5,334.0,335.9,335.9,0.0,0.0,336.56,197327.0,339.1,66412956.4,585,-3.20,6.50,-0.94,1.95,-0.20,306.87,302.99,368.90,258.80
2026-04-29,11,AVYAN,39.52,1093.0,1117.0,1088.2,1100.4,1100.4,0.0,0.0,1108.68,5220.0,1115.9,5787334.2,98,-15.50,28.80,-1.39,2.65,-0.75,"1,021.81","1,032.68","1,366.00",906.00
2026-04-29,12,BANDIPUR,29.07,831.0,845.0,808.0,814.0,814.0,0.0,0.0,816.69,28534.0,831.0,23303464.4,791,-17.00,37.00,-2.05,4.58,-0.33,0.00,0.00,"1,233.00",285.00
2026-04-29,13,BARUN,29.62,345.0,347.0,340.3,341.5,341.5,0.0,0.0,341.9,34851.0,345.0,11915432.1,188,-3.50,6.70,-1.01,1.97,-0.12,345.22,354.03,584.00,292.10
2026-04-29,14,BBC,38.1,4780.0,4884.0,4755.1,4841.0,4841.0,0.0,0.0,4784.31,515.0,4780.0,2463919.0,37,61.00,128.90,1.28,2.71,1.17,"4,879.31","5,024.05","6,537.00","4,480.00"
2026-04-29,15,BEDC,33.73,379.0,380.0,365.0,365.0,365.0,0.0,0.0,369.44,85926.0,379.0,31744613.5,480,-14.00,15.00,-3.69,4.11,-1.22,527.69,586.95,872.00,365.00
2026-04-29,16,BFC,28.4,458.0,463.9,450.0,453.0,453.0,0.0,0.0,452.85,7562.0,458.0,3424453.9,75,-5.00,13.90,-1.09,3.09,0.03,473.02,481.10,579.90,411.50
2026-04-29,17,BGWT,25.26,740.0,731.0,718.0,730.0,730.0,0.0,0.0,720.86,1573.0,740.0,1133907.4,32,-10.00,13.00,-1.35,1.81,1.25,767.27,817.85,"1,110.00",710.00
2026-04-29,18,BHCL,27.82,536.2,563.0,520.0,525.0,525.0,0.0,0.0,526.09,19630.0,536.2,10327210.2,442,-11.20,43.00,-2.09,8.27,-0.21,534.37,0.00,699.00,292.10
2026-04-29,19,BHDC,25.4,451.0,478.0,451.0,457.5,457.5,0.0,0.0,457.8,9448.0,463.0,4325264.7,84,-5.50,27.00,-1.19,5.99,-0.06,488.06,514.55,706.00,426.00
2026-04-29,20,BHL,28.82,218.0,220.0,215.5,216.0,216.0,0.0,0.0,216.56,96392.0,218.0,20874479.6,543,-2.00,4.50,-0.92,2.09,-0.26,199.73,200.77,264.40,164.00
2026-04-29,21,BHPL,29.42,527.0,534.8,521.0,526.8,526.8,0.0,0.0,523.69,10130.0,527.0,5305006.3,96,-0.20,13.80,-0.04,2.65,0.59,591.52,649.79,"1,308.40",503.10
2026-04-29,22,BJHL,30.5,1012.1,1090.0,953.1,1035.0,1035.0,0.0,0.0,1010.94,39440.0,1012.1,39871529.2,1283,22.90,136.90,2.26,14.36,2.32,0.00,0.00,"1,305.00",270.10
2026-04-29,23,BNHC,28.26,332.0,336.5,323.0,325.0,325.0,0.0,0.0,326.72,3420.0,332.0,1117393.1,74,-7.00,13.50,-2.11,4.18,-0.53,420.98,450.53,613.80,313.10
2026-04-29,24,BNT,39.83,11600.0,11611.0,11600.0,11610.0,11610.0,0.0,0.0,11591.13,55.0,11600.0,637512.0,4,10.00,11.00,0.09,0.09,0.16,"11,701.43","11,857.07","13,205.00","10,660.00"
2026-04-29,25,BPCL,26.97,675.0,684.0,662.0,667.0,667.0,0.0,0.0,664.73,19271.0,675.0,12810013.7,182,-8.00,22.00,-1.19,3.32,0.34,729.13,766.35,"1,065.00",437.20
2026-04-29,26,BUNGAL,30.93,594.0,589.9,560.1,570.0,570.0,0.0,0.0,570.8,18619.0,594.0,10627796.1,306,-24.00,29.80,-4.04,5.32,-0.14,0.00,0.00,822.00,302.40
2026-04-29,27,C30MF,25.86,10.0,10.1,9.9,9.9,9.9,0.0,0.0,9.91,43200.0,10.0,427900.0,7,-0.10,0.20,-1.00,2.02,-0.05,9.59,9.69,10.71,8.70
2026-04-29,28,CBBL,33.85,910.0,916.5,900.0,902.0,902.0,0.0,0.0,903.2,16442.0,910.0,14850356.4,210,-8.00,16.50,-0.88,1.83,-0.13,959.88,985.23,"1,144.80",822.00
2026-04-29,29,CBLD88,16.95,1182.1,1182.1,1182.1,1155.0,1155.0,0.0,0.0,1155.0,2.0,1182.1,2310.0,1,-27.10,0.00,-2.29,0.00,0.00,"1,199.20","1,181.10","1,325.00","1,108.00"
2026-04-29,30,CCBD88,22.88,1210.0,1210.0,1197.3,1197.3,1197.3,0.0,0.0,1195.69,27.0,1210.0,32283.5,3,-12.70,12.70,-1.05,1.06,0.13,"1,196.35","1,180.75","1,297.40","1,126.00"
2026-04-29,31,CFCL,29.05,509.0,505.0,492.0,496.9,496.9,0.0,0.0,495.59,2620.0,509.0,1298446.3,32,-12.10,13.00,-2.38,2.64,0.26,514.14,516.22,608.50,445.10
2026-04-29,32,CGH,34.6,812.0,815.0,805.0,809.0,809.0,0.0,0.0,807.25,14155.0,812.0,11426563.0,141,-3.00,10.00,-0.37,1.24,0.22,860.12,901.62,"1,150.00",798.00
2026-04-29,33,CHCL,31.33,480.0,483.0,475.0,479.1,479.1,0.0,0.0,477.83,21272.0,480.0,10164462.5,180,-0.90,8.00,-0.19,1.68,0.26,486.76,497.48,599.60,456.00
2026-04-29,34,CHDC,29.25,2313.0,2319.5,2251.0,2290.0,2290.0,0.0,0.0,2274.47,9090.0,2313.0,20674895.8,169,-23.00,68.50,-0.99,3.04,0.68,"2,369.71","2,439.37","2,997.90","1,990.00"
2026-04-29,35,CHL,21.98,290.5,293.0,285.0,286.0,286.0,0.0,0.0,286.37,18846.0,290.5,5396877.1,107,-4.50,8.00,-1.55,2.81,-0.13,276.94,282.46,524.20,223.40
2026-04-29,36,CIT,33.15,1767.1,1769.9,1763.0,1768.0,1768.0,0.0,0.0,1766.12,6037.0,1767.1,10662095.1,133,0.90,6.90,0.05,0.39,0.11,"1,812.61","1,855.49","2,168.00","1,730.80"
2026-04-29,37,CITY,40.69,474.8,470.0,455.0,462.0,462.0,0.0,0.0,458.66,7169.0,474.8,3288141.1,126,-12.80,15.00,-2.70,3.30,0.72,497.15,574.81,998.40,428.30
2026-04-29,38,CKHL,36.93,663.2,703.4,663.2,697.9,697.9,0.0,0.0,685.66,1220.0,697.0,836509.9,34,0.90,40.20,0.13,6.06,1.75,669.62,666.97,804.00,550.00
2026-04-29,39,CLI,32.92,456.1,456.5,453.0,454.0,454.0,0.0,0.0,454.7,8046.0,456.1,3658522.8,249,-2.10,3.50,-0.46,0.77,-0.15,474.35,475.22,540.00,411.00
2026-04-29,40,CMF2,32.68,10.1,9.99,9.83,9.85,9.85,0.0,0.0,9.98,12644.0,10.1,126136.52,3,-0.25,0.16,-2.48,1.63,-1.28,9.68,9.73,10.86,8.64
2026-04-29,41,CORBL,46.85,2470.6,2678.0,2117.6,2678.0,2678.0,0.0,0.0,2321.53,78592.0,2353.0,182453649.4,721,325.00,560.40,13.81,26.46,13.31,"1,766.74","1,863.56","3,183.00","1,431.00"
2026-04-29,42,CREST,33.75,1194.7,1254.4,1140.0,1140.0,1140.0,0.0,0.0,1153.61,16915.0,1194.7,19513369.0,293,-54.70,114.40,-4.58,10.04,-1.19,"1,312.24","1,297.80","2,458.20",963.70
2026-04-29,43,CSY,28.49,9.37,9.4,9.1,9.4,9.4,0.0,0.0,9.3,6022.0,9.37,55996.36,45,0.03,0.30,0.32,3.30,1.08,0.00,0.00,10.00,8.87
2026-04-29,44,CYCL,31.13,1495.0,1519.8,1467.3,1480.0,1480.0,0.0,0.0,1475.2,994.0,1495.0,1466351.3,45,-15.00,52.50,-1.00,3.58,0.32,"1,559.36","1,616.54","2,040.00","1,455.00"
2026-04-29,45,CZBIL,31.09,206.9,206.0,202.0,204.0,204.0,0.0,0.0,203.4,82139.0,206.9,16706949.2,264,-2.90,4.00,-1.40,1.98,0.29,200.91,205.61,240.10,183.00
2026-04-29,46,DDBL,33.85,830.0,829.0,822.0,826.4,826.4,0.0,0.0,825.94,5001.0,830.0,4130516.0,60,-3.60,7.00,-0.43,0.85,0.06,849.44,862.24,"1,010.00",760.20
2026-04-29,47,DHEL,32.26,610.0,618.0,595.0,604.0,604.0,0.0,0.0,600.55,17665.0,610.0,10608780.9,420,-6.00,23.00,-0.98,3.87,0.57,0.00,0.00,918.90,402.20
2026-04-29,48,DHPL,31.23,301.0,301.0,296.3,299.0,299.0,0.0,0.0,299.0,4401.0,301.0,1315887.0,29,-2.00,4.70,-0.66,1.59,0.00,303.15,306.91,392.00,265.00
2026-04-29,49,DLBS,41.94,1290.0,1364.7,1260.0,1320.0,1320.0,0.0,0.0,1300.63,1292.0,1290.0,1680420.0,45,30.00,104.70,2.33,8.31,1.47,"1,340.55","1,390.27","1,684.00","1,240.00"
2026-04-29,50,DOLTI,39.08,361.0,379.9,361.0,373.0,373.0,0.0,0.0,368.6,77655.0,379.7,28623368.5,412,-6.70,18.90,-1.76,5.24,1.18,505.13,526.60,642.60,361.00
2026-04-29,51,DORDI,33.57,277.5,278.5,273.2,274.0,274.0,0.0,0.0,275.0,45265.0,277.5,12447879.9,243,-3.50,5.30,-1.26,1.94,-0.37,274.25,277.03,450.00,213.10
2026-04-29,52,EBL,35.96,698.1,700.0,696.0,697.6,697.6,0.0,0.0,697.6,18065.0,698.1,12602192.6,177,-0.50,4.00,-0.07,0.57,0.00,667.61,683.11,780.60,610.00
2026-04-29,53,EBLD85,38.52,1136.0,1141.0,1130.0,1140.0,1140.0,0.0,0.0,1137.18,85.0,1136.0,96660.0,4,4.00,11.00,0.35,0.97,0.25,"1,161.74","1,154.59","1,250.00","1,102.50"
2026-04-29,54,EBLD86,22.83,1076.0,1070.0,1070.0,1070.0,1070.0,0.0,0.0,1070.0,25.0,1076.0,26750.0,1,-6.00,0.00,-0.56,0.00,0.00,"1,073.91","1,063.06","1,150.00","1,022.00"
2026-04-29,55,EBLD91,33.89,1070.0,1070.0,1060.1,1070.0,1070.0,0.0,0.0,1066.7,75.0,1070.0,80002.5,3,0.00,9.90,0.00,0.93,0.31,"1,092.15","1,066.92","1,142.40",994.40
2026-04-29,56,EDBL,41.8,547.2,653.2,547.2,582.0,582.0,0.0,0.0,582.51,25989.0,576.0,15138902.9,124,6.00,106.00,1.04,19.37,-0.09,595.16,605.29,717.30,545.00
2026-04-29,57,EHPL,35.64,413.8,413.8,390.4,392.9,392.9,0.0,0.0,392.83,19352.0,394.1,7602079.2,169,-1.20,23.40,-0.30,5.99,0.02,423.47,475.11,685.00,383.20
2026-04-29,58,ENL,30.54,895.0,890.0,870.0,890.0,890.0,0.0,0.0,878.03,884.0,895.0,776176.0,27,-5.00,20.00,-0.56,2.30,1.35,916.81,962.05,"1,225.00",852.60
2026-04-29,59,FMDBL,37.5,802.1,810.0,795.0,810.0,810.0,0.0,0.0,799.25,13317.0,802.1,10643557.8,109,7.90,15.00,0.98,1.89,1.33,818.97,833.34,"1,038.80",718.00
2026-04-29,60,FOWAD,23.18,1102.2,1123.0,1083.2,1123.0,1123.0,0.0,0.0,1104.68,5082.0,1102.2,5614002.9,60,20.80,39.80,1.89,3.67,1.63,"1,098.94","1,122.24","1,324.40","1,012.40"
2026-04-29,61,GBBD85,47.89,1088.5,1100.0,1090.0,1100.0,1100.0,0.0,0.0,1095.0,200.0,1088.5,219000.0,2,11.50,10.00,1.06,0.92,0.45,"1,085.60","1,075.48","1,135.00","1,030.00"
2026-04-29,62,GBBL,28.44,407.7,413.9,409.0,410.0,410.0,0.0,0.0,410.72,31046.0,407.7,12751356.3,189,2.30,4.90,0.56,1.20,-0.18,398.15,408.90,498.00,367.40
2026-04-29,63,GBILD84/85,18.21,1140.0,1140.0,1140.0,1131.0,1131.0,0.0,0.0,1131.0,2.0,1140.0,2262.0,1,-9.00,0.00,-0.79,0.00,0.00,"1,168.47","1,168.43","1,238.00","1,104.00"
2026-04-29,64,GBILD86/87,19.04,1100.0,1080.0,1080.0,1080.0,1080.0,0.0,0.0,1080.0,25.0,1100.0,27000.0,1,-20.00,0.00,-1.82,0.00,0.00,"1,073.63","1,060.43","1,142.00","1,016.00"
2026-04-29,65,GBIME,32.13,232.0,233.8,228.4,230.0,230.0,0.0,0.0,229.8,85732.0,232.0,19701331.3,443,-2.00,5.40,-0.86,2.36,0.09,232.02,238.41,278.90,213.00
2026-04-29,66,GBIMESY2,24.32,9.35,9.38,9.1,9.31,9.31,0.0,0.0,9.26,2600.0,9.35,24077.0,15,-0.04,0.28,-0.43,3.08,0.53,9.20,0.00,10.18,8.50
2026-04-29,67,GBLBS,29.31,763.0,763.0,749.2,752.0,752.0,0.0,0.0,751.66,3784.0,763.0,2844272.0,39,-11.00,13.80,-1.44,1.84,0.05,784.14,795.07,950.00,698.00
2026-04-29,68,GCIL,27.02,400.0,420.0,400.0,420.0,420.0,0.0,0.0,415.68,14865.0,414.3,6179039.0,260,5.70,20.00,1.38,5.00,1.03,431.85,453.32,579.00,400.00
2026-04-29,69,GFCL,35.53,621.5,624.0,616.0,624.0,624.0,0.0,0.0,618.53,6071.0,621.5,3755118.8,50,2.50,8.00,0.40,1.30,0.88,627.68,636.04,756.80,528.30
2026-04-29,70,GHL,28.09,238.0,240.0,233.6,234.0,234.0,0.0,0.0,235.33,46453.0,238.0,10931930.7,183,-4.00,6.40,-1.68,2.74,-0.57,231.22,234.25,290.00,197.10
2026-04-29,71,GIBF1,23.14,11.16,10.85,10.84,10.85,10.85,0.0,0.0,10.85,11600.0,11.16,125855.0,13,-0.31,0.01,-2.78,0.09,0.00,10.56,10.64,11.68,9.30
2026-04-29,72,GILB,33.81,1120.0,1120.0,1111.0,1120.0,1120.0,0.0,0.0,1114.35,1337.0,1120.0,1489892.0,18,0.00,9.00,0.00,0.81,0.50,"1,186.68","1,224.46","1,441.60","1,100.00"
2026-04-29,73,GLBSL,37.59,1800.0,1800.0,1775.0,1785.0,1785.0,0.0,0.0,1786.53,1082.0,1800.0,1933028.7,28,-15.00,25.00,-0.83,1.41,-0.09,"1,959.22","2,046.19","3,097.00","1,705.20"
2026-04-29,74,GLH,29.63,267.5,269.9,263.0,265.8,265.8,0.0,0.0,265.05,43697.0,267.5,11581955.7,234,-1.70,6.90,-0.64,2.62,0.28,266.05,267.02,328.20,227.40
2026-04-29,75,GMFBS,23.39,1358.0,1397.0,1306.1,1329.0,1329.0,0.0,0.0,1324.79,416.0,1358.0,551112.8,17,-29.00,90.90,-2.14,6.96,0.32,"1,479.49","1,526.32","1,871.00","1,280.00"
2026-04-29,76,GMFIL,28.18,464.1,468.0,450.4,461.0,461.0,0.0,0.0,459.11,3600.0,464.1,1652786.4,43,-3.10,17.60,-0.67,3.91,0.41,470.82,476.04,557.00,393.10
2026-04-29,77,GMLI,33.42,1350.0,1320.0,1280.0,1290.0,1290.0,0.0,0.0,1299.77,4680.0,1350.0,6082901.3,132,-60.00,40.00,-4.44,3.13,-0.76,"1,742.82","1,854.83","2,699.00","1,280.00"
2026-04-29,78,GRDBL,44.26,1143.0,1153.0,1087.0,1100.0,1100.0,0.0,0.0,1114.79,23695.0,1143.0,26414968.0,283,-43.00,66.00,-3.76,6.07,-1.34,"1,108.82","1,145.07","1,668.40",944.00
2026-04-29,79,GSY,27.93,9.9,9.9,9.71,9.83,9.83,0.0,0.0,9.8,6360.0,9.9,62306.9,41,-0.07,0.19,-0.71,1.96,0.34,9.39,9.39,10.40,8.70
2026-04-29,80,GUFL,33.46,511.5,519.9,509.0,513.7,513.7,0.0,0.0,513.95,6338.0,511.5,3257388.4,57,2.20,10.90,0.43,2.14,-0.05,534.25,536.48,644.00,460.60
2026-04-29,81,GVL,24.6,488.4,490.0,484.0,488.0,488.0,0.0,0.0,486.2,12990.0,488.4,6315731.7,127,-0.40,6.00,-0.08,1.24,0.37,509.13,516.04,662.00,424.00
2026-04-29,82,GWFD83,42.06,1112.3,1112.3,1112.3,1112.3,1112.3,0.0,0.0,1112.3,40.0,1112.3,44492.0,1,0.00,0.00,0.00,0.00,0.00,"1,194.03","1,210.20","1,464.80","1,080.00"
2026-04-29,83,H8020,27.76,11.71,11.74,11.4,11.65,11.65,0.0,0.0,11.68,11500.0,11.71,134320.0,21,-0.06,0.34,-0.51,2.98,-0.26,11.19,11.25,12.21,10.00
2026-04-29,84,HATHY,29.63,876.0,876.0,822.3,826.0,826.0,0.0,0.0,828.53,4852.0,835.0,4020044.8,102,-9.00,53.70,-1.08,6.53,-0.31,913.94,999.45,"1,382.40",822.30
2026-04-29,85,HBL,32.64,206.8,206.8,200.0,202.9,202.9,0.0,0.0,202.43,58366.0,206.8,11814846.3,1224,-3.90,6.80,-1.89,3.40,0.23,198.08,204.80,261.00,184.00
2026-04-29,86,HBLD86,18.31,1152.1,1152.1,1152.1,1115.0,1115.0,0.0,0.0,1115.0,2.0,1152.1,2230.0,1,-37.10,0.00,-3.22,0.00,0.00,"1,132.40","1,096.20","1,201.00","1,095.10"
2026-04-29,87,HDHPC,18.71,225.0,226.4,219.3,220.9,220.9,0.0,0.0,222.47,296196.0,225.0,65894693.4,803,-4.10,7.10,-1.82,3.24,-0.71,200.15,198.75,274.00,162.00
2026-04-29,88,HDL,31.92,1148.2,1150.0,1142.2,1143.0,1143.0,0.0,0.0,1144.93,23521.0,1148.2,26929805.2,399,-5.20,7.80,-0.45,0.68,-0.17,"1,178.82","1,234.15","1,556.10","1,103.00"
2026-04-29,89,HEI,29.16,516.0,517.0,506.2,507.0,507.0,0.0,0.0,514.94,4790.0,516.0,2466554.2,31,-9.00,10.80,-1.74,2.13,-1.57,511.06,533.10,654.00,458.00
2026-04-29,90,HEIP,24.06,322.1,326.8,315.0,326.8,326.8,0.0,0.0,319.24,488.0,322.1,155789.0,7,4.70,11.80,1.46,3.75,2.31,326.03,340.92,398.00,293.10
2026-04-29,91,HFIN,31.18,1060.0,1065.2,995.1,1005.0,1005.0,0.0,0.0,1011.54,119051.0,1060.0,120424348.7,6217,-55.00,70.10,-5.19,7.04,-0.65,0.00,0.00,"1,450.60",101.70
2026-04-29,92,HHL,22.5,390.0,394.0,382.3,383.7,383.7,0.0,0.0,385.43,65381.0,388.0,25200014.2,236,-4.30,11.70,-1.11,3.06,-0.45,346.49,356.31,499.10,310.70
2026-04-29,93,HIDCL,29.99,269.9,270.0,265.5,267.0,267.0,0.0,0.0,266.7,53958.0,269.9,14390859.8,259,-2.90,4.50,-1.07,1.69,0.11,269.77,275.78,330.30,245.00
2026-04-29,94,HIDCLP,30.31,203.0,205.0,200.0,201.0,201.0,0.0,0.0,202.34,201683.0,203.0,40808898.7,348,-2.00,5.00,-0.99,2.50,-0.67,193.83,197.69,239.00,174.40
2026-04-29,95,HIMSTAR,23.79,872.0,874.9,828.0,829.0,829.0,0.0,0.0,839.38,17202.0,872.0,14439056.7,252,-43.00,46.90,-4.93,5.66,-1.25,893.74,0.00,"1,264.00",252.20
2026-04-29,96,HLBSL,25.28,880.3,880.0,870.1,876.1,876.1,0.0,0.0,876.07,944.0,880.3,827007.5,17,-4.20,9.90,-0.48,1.14,0.00,917.27,941.89,"1,100.00",837.00
2026-04-29,97,HLI,31.59,345.0,346.0,341.8,341.8,341.8,0.0,0.0,342.98,42620.0,345.0,14617995.4,407,-3.20,4.20,-0.93,1.23,-0.35,371.69,383.08,464.00,341.80
2026-04-29,98,HLICF,31.15,9.02,9.02,8.82,8.96,8.96,0.0,0.0,8.96,3800.0,9.02,34038.0,19,-0.06,0.20,-0.67,2.27,0.03,0.00,0.00,10.55,8.74
2026-04-29,99,HPPL,23.19,387.3,390.0,371.0,373.0,373.0,0.0,0.0,376.74,45068.0,387.3,16978974.5,270,-14.30,19.00,-3.69,5.12,-1.00,463.92,473.59,660.00,360.00
2026-04-29,100,HRL,32.12,685.5,685.0,676.1,679.2,679.2,0.0,0.0,679.11,74867.0,685.5,50842816.6,900,-6.30,8.90,-0.92,1.32,0.01,821.82,868.87,"1,139.90",665.00
2026-04-29,101,HURJA,25.62,260.0,260.0,252.2,254.9,254.9,0.0,0.0,253.76,104043.0,260.0,26401897.7,320,-5.10,7.80,-1.96,3.09,0.45,247.75,245.40,312.10,204.60
2026-04-29,102,ICFC,30.08,625.0,642.0,620.1,623.5,623.5,0.0,0.0,623.02,5578.0,625.0,3475218.8,38,-1.50,21.90,-0.24,3.53,0.08,645.43,650.08,730.90,555.00
2026-04-29,103,ICFCD83,42.01,1086.9,1119.5,1119.0,1119.5,1119.5,0.0,0.0,1119.39,140.0,1086.9,156715.0,4,32.60,0.50,3.00,0.04,0.01,"1,201.37","1,212.09","1,368.90","1,079.10"
2026-04-29,104,ICFCD88,19.88,1200.0,1167.0,1167.0,1167.0,1167.0,0.0,0.0,1167.0,25.0,1200.0,29175.0,1,-33.00,0.00,-2.75,0.00,0.00,"1,139.55","1,121.23","1,216.00","1,053.60"
2026-04-29,105,ICFCD89,25.52,1090.0,1100.0,1086.0,1096.0,1096.0,0.0,0.0,1093.38,365.0,1090.0,399085.5,22,6.00,14.00,0.55,1.29,0.24,0.00,0.00,"1,115.00","1,020.00"
2026-04-29,106,IGI,28.64,430.0,430.0,424.0,424.0,424.0,0.0,0.0,425.86,9495.0,430.0,4043508.5,65,-6.00,6.00,-1.40,1.42,-0.44,431.13,461.15,600.00,392.00
2026-04-29,107,IHL,27.47,426.1,426.5,410.0,410.0,410.0,0.0,0.0,416.12,4341.0,426.1,1806364.1,83,-16.10,16.50,-3.78,4.02,-1.49,531.08,542.87,640.00,410.00
2026-04-29,108,ILBS,36.77,923.0,1030.0,923.0,942.0,942.0,0.0,0.0,1001.04,8908.0,942.0,8917294.2,59,0.00,107.00,0.00,11.59,-6.27,"1,023.71","1,056.70","1,311.00",795.20
2026-04-29,109,ILI,37.25,435.7,437.0,431.1,434.0,434.0,0.0,0.0,434.24,23573.0,435.7,10236283.9,278,-1.70,5.90,-0.39,1.37,-0.05,449.98,451.46,500.00,405.00
2026-04-29,110,JBBL,29.5,360.0,369.7,360.0,362.0,362.0,0.0,0.0,367.63,266481.0,366.0,97967552.0,248,-4.00,9.70,-1.09,2.69,-1.56,340.44,341.66,413.00,295.00
2026-04-29,111,JBLB,35.77,1277.0,1280.0,1270.0,1270.1,1270.1,0.0,0.0,1271.58,4917.0,1277.0,6252365.6,144,-6.90,10.00,-0.54,0.79,-0.12,"1,381.87","1,402.94","1,644.00","1,219.90"
2026-04-29,112,JFL,32.33,417.0,419.0,410.0,411.5,411.5,0.0,0.0,412.05,4307.0,417.0,1774680.6,42,-5.50,9.00,-1.32,2.20,-0.13,430.96,447.29,558.00,395.00
2026-04-29,113,JHAPA,32.85,1731.0,1679.1,1506.5,1630.0,1630.0,0.0,0.0,1616.81,24218.0,1731.0,39155865.1,394,-101.00,172.60,-5.83,11.46,0.81,0.00,0.00,"1,800.00",293.40
2026-04-29,114,JOSHI,29.94,287.8,286.0,280.0,281.0,281.0,0.0,0.0,281.93,30013.0,287.8,8461681.2,157,-6.80,6.00,-2.36,2.14,-0.33,303.06,308.34,487.00,254.00
2026-04-29,115,JSLBB,40.87,1101.0,1101.0,1068.3,1094.0,1094.0,0.0,0.0,1072.07,2097.0,1101.0,2248136.7,37,-7.00,32.70,-0.64,3.06,2.00,"1,168.08","1,212.80","1,499.30","1,059.00"
2026-04-29,116,KBL,29.55,221.0,223.0,215.0,217.9,217.9,0.0,0.0,217.2,478659.0,221.0,103966097.0,1025,-3.10,8.00,-1.40,3.72,0.32,196.33,199.50,256.00,175.50
2026-04-29,117,KBLD89,25.58,1225.0,1225.0,1215.4,1215.4,1215.4,0.0,0.0,1212.78,27.0,1225.0,32745.0,3,-9.60,9.60,-0.78,0.79,0.22,"1,223.27","1,183.64","1,379.00","1,162.60"
2026-04-29,118,KBLD90,23.65,1455.0,1455.0,1288.3,1288.3,1288.3,0.0,0.0,1318.76,16.0,1455.0,21100.2,4,-166.70,166.70,-11.46,12.94,-2.36,0.00,0.00,"1,500.00","1,127.00"
2026-04-29,119,KBSH,28.63,1620.0,1601.0,1572.0,1590.0,1590.0,0.0,0.0,1589.45,555.0,1620.0,882143.4,15,-30.00,29.00,-1.85,1.84,0.03,"1,719.38","1,786.92","2,189.00","1,557.10"
2026-04-29,120,KDBY,26.92,11.54,11.5,11.25,11.38,11.38,0.0,0.0,11.38,23420.0,11.54,266506.6,42,-0.16,0.25,-1.39,2.22,0.00,9.96,9.90,12.11,8.67
2026-04-29,121,KDL,33.06,841.1,839.9,815.0,816.0,816.0,0.0,0.0,819.24,4907.0,841.1,4019992.5,92,-25.10,24.90,-2.98,3.06,-0.40,876.88,942.41,"1,212.00",770.00
2026-04-29,122,KEF,30.42,10.79,10.92,10.6,10.64,10.64,0.0,0.0,10.72,81147.0,10.79,869527.08,45,-0.15,0.32,-1.39,3.02,-0.71,9.50,9.51,11.30,8.31
2026-04-29,123,KKHC,18.17,271.0,272.0,265.0,265.5,265.5,0.0,0.0,268.02,38143.0,271.0,10222934.0,205,-5.50,7.00,-2.03,2.64,-0.95,256.18,264.33,475.90,208.00
2026-04-29,124,KMCDB,29.62,885.1,894.9,865.1,869.0,869.0,0.0,0.0,872.18,2857.0,885.1,2491822.4,85,-16.10,29.80,-1.82,3.44,-0.37,980.43,"1,008.91","1,223.00",861.00
2026-04-29,125,KPCL,28.6,494.0,495.0,489.1,489.1,489.1,0.0,0.0,490.4,12070.0,494.0,5919100.9,104,-4.90,5.90,-0.99,1.21,-0.27,540.64,554.43,711.00,478.10
2026-04-29,126,KSBBL,26.96,480.0,482.0,471.7,475.0,475.0,0.0,0.0,474.53,26122.0,480.0,12395696.4,123,-5.00,10.30,-1.04,2.18,0.10,456.30,473.19,588.00,404.10
2026-04-29,127,KSY,39.46,9.49,9.59,9.31,9.59,9.59,0.0,0.0,9.41,850.0,9.49,7995.5,4,0.10,0.28,1.05,3.01,1.91,9.25,9.33,10.51,8.21
2026-04-29,128,LBBL,34.66,487.0,491.0,480.0,491.0,491.0,0.0,0.0,484.78,42662.0,487.0,20681479.8,164,4.00,11.00,0.82,2.29,1.27,480.29,494.79,646.30,376.50
2026-04-29,129,LEC,23.92,236.7,236.7,222.0,223.8,223.8,0.0,0.0,224.38,108043.0,225.5,24242356.3,361,-1.70,14.70,-0.75,6.62,-0.26,215.46,218.30,276.00,180.00
2026-04-29,130,LICN,35.01,818.0,818.0,811.0,816.0,816.0,0.0,0.0,812.11,5748.0,818.0,4668032.0,51,-2.00,7.00,-0.24,0.86,0.48,860.90,865.87,998.00,773.00
2026-04-29,131,LLBS,46.51,940.0,967.0,923.0,965.0,965.0,0.0,0.0,935.08,2430.0,940.0,2272240.0,19,25.00,44.00,2.66,4.77,3.10,976.78,"1,008.69","1,300.50",819.40
2026-04-29,132,LSL,38.23,218.0,221.0,215.0,217.0,217.0,0.0,0.0,216.29,62117.0,218.0,13435269.9,188,-1.00,6.00,-0.46,2.79,0.33,219.62,223.91,252.00,201.00
2026-04-29,133,LVF2,35.53,10.16,10.2,9.66,10.2,10.2,0.0,0.0,10.07,32050.0,10.16,322620.3,23,0.04,0.54,0.39,5.59,1.31,9.49,9.59,11.45,8.76
2026-04-29,134,MABEL,33.91,672.3,683.9,638.7,669.8,669.8,0.0,0.0,666.37,9641.0,672.3,6424505.3,242,-2.50,45.20,-0.37,7.08,0.51,0.00,0.00,927.00,317.70
2026-04-29,135,MAKAR,31.73,503.0,500.0,490.0,495.0,495.0,0.0,0.0,494.17,10530.0,503.0,5203645.0,96,-8.00,10.00,-1.59,2.04,0.17,544.21,566.90,755.30,455.00
2026-04-29,136,MANDU,22.8,823.0,823.0,800.4,806.0,806.0,0.0,0.0,805.48,653.0,823.0,525978.6,25,-17.00,22.60,-2.07,2.82,0.06,814.30,834.02,970.00,766.50
2026-04-29,137,MATRI,29.36,924.0,915.0,905.5,914.0,914.0,0.0,0.0,910.16,1838.0,924.0,1672874.8,53,-10.00,9.50,-1.08,1.05,0.42,973.92,"1,021.76","1,347.00",904.00
2026-04-29,138,MBJC,33.48,285.0,289.0,280.0,283.9,283.9,0.0,0.0,283.3,54950.0,285.2,15567417.9,340,-1.30,9.00,-0.46,3.21,0.21,290.23,297.34,362.00,270.00
2026-04-29,139,MBL,28.83,247.0,250.0,244.0,244.0,244.0,0.0,0.0,245.33,88981.0,247.0,21829700.1,193,-3.00,6.00,-1.21,2.46,-0.55,230.91,235.29,284.00,205.00
2026-04-29,140,MBLEF,22.45,10.05,10.2,9.55,9.95,9.95,0.0,0.0,9.89,1420.0,10.05,14046.6,11,-0.10,0.65,-1.00,6.81,0.58,9.69,9.51,10.80,8.59
2026-04-29,141,MCHL,31.38,336.1,346.0,320.0,328.8,328.8,0.0,0.0,326.7,20288.0,336.1,6628186.8,185,-7.30,26.00,-2.17,8.13,0.64,439.20,468.89,623.00,320.00
2026-04-29,142,MDB,29.77,595.0,595.0,586.1,591.5,591.5,0.0,0.0,588.38,8141.0,595.0,4789985.1,57,-3.50,8.90,-0.59,1.52,0.53,605.84,613.77,729.70,530.50
2026-04-29,143,MEHL,27.13,407.5,408.0,400.0,403.0,403.0,0.0,0.0,401.46,3070.0,407.5,1232475.0,65,-4.50,8.00,-1.10,2.00,0.38,438.16,438.88,525.00,372.40
2026-04-29,144,MEL,31.78,255.0,256.0,246.4,252.0,252.0,0.0,0.0,250.4,19670.0,254.0,4925432.7,237,-2.00,9.60,-0.79,3.90,0.63,281.63,289.32,350.00,246.40
2026-04-29,145,MEN,33.35,584.0,590.0,580.0,583.0,583.0,0.0,0.0,582.67,40294.0,584.0,23478057.4,239,-1.00,10.00,-0.17,1.72,0.06,599.42,608.50,683.40,535.00
2026-04-29,146,MERO,32.16,761.1,761.1,710.0,715.0,715.0,0.0,0.0,717.5,5554.0,724.9,3984981.1,91,-9.90,51.10,-1.37,7.20,-0.35,749.79,781.64,"1,000.00",668.00
2026-04-29,147,MFIL,30.03,740.4,785.4,740.4,765.3,765.3,0.0,0.0,772.27,47100.0,772.0,36373706.7,142,-6.70,45.00,-0.87,6.08,-0.91,736.00,710.46,938.00,545.00
2026-04-29,148,MHCL,33.01,358.0,358.0,348.0,350.0,350.0,0.0,0.0,349.98,8020.0,358.0,2806856.4,73,-8.00,10.00,-2.23,2.87,0.01,384.74,405.13,530.00,325.00
2026-04-29,149,MHL,31.58,508.0,504.0,495.0,504.0,504.0,0.0,0.0,499.58,4584.0,508.0,2290057.7,68,-4.00,9.00,-0.79,1.82,0.88,506.33,520.33,664.00,445.00
2026-04-29,150,MHNL,33.08,267.8,265.9,260.0,264.3,264.3,0.0,0.0,261.91,20363.0,267.8,5333313.9,104,-3.50,5.90,-1.31,2.27,0.90,263.56,264.04,324.00,226.00
2026-04-29,151,MKCL,30.75,1338.0,1330.0,1310.0,1312.9,1312.9,0.0,0.0,1315.33,2617.0,1338.0,3442227.6,73,-25.10,20.00,-1.88,1.53,-0.19,"1,390.66","1,454.82","1,900.00","1,310.00"
2026-04-29,152,MKHC,31.41,321.7,324.4,316.1,318.4,318.4,0.0,0.0,318.53,18892.0,321.7,6017646.7,136,-3.30,8.30,-1.03,2.63,-0.04,354.42,378.88,503.40,310.70
2026-04-29,153,MKHL,27.8,602.5,625.0,602.5,615.0,615.0,0.0,0.0,612.04,2433.0,633.0,1489091.6,60,-18.00,22.50,-2.84,3.73,0.48,785.79,797.00,"1,027.00",600.00
2026-04-29,154,MKJC,29.8,503.8,503.9,495.2,499.8,499.8,0.0,0.0,498.41,5629.0,503.8,2805541.1,49,-4.00,8.70,-0.79,1.76,0.28,533.17,544.74,635.00,475.50
2026-04-29,155,MLBBL,30.18,1225.0,1225.0,1210.7,1223.0,1223.0,0.0,0.0,1213.08,1661.0,1225.0,2014921.9,35,-2.00,14.30,-0.16,1.18,0.81,"1,393.92","1,443.35","1,690.00","1,210.70"
2026-04-29,156,MLBL,31.48,369.9,369.0,364.0,366.0,366.0,0.0,0.0,366.51,34783.0,369.9,12748452.2,103,-3.90,5.00,-1.05,1.37,-0.14,377.83,385.34,468.60,348.90
2026-04-29,157,MLBS,34.49,1315.0,1285.1,1250.0,1279.4,1279.4,0.0,0.0,1266.84,2059.0,1315.0,2608415.2,41,-35.60,35.10,-2.71,2.81,0.98,"1,471.96","1,518.38","1,900.00","1,250.00"
2026-04-29,158,MLBSL,29.58,1811.0,1811.0,1777.0,1800.0,1800.0,0.0,0.0,1793.46,361.0,1811.0,647440.1,15,-11.00,34.00,-0.61,1.91,0.36,"1,939.99","2,030.24","2,435.50","1,765.00"
2026-04-29,159,MMF1,40.69,9.66,9.68,9.22,9.6,9.6,0.0,0.0,9.4,18600.0,9.66,174806.5,34,-0.06,0.46,-0.62,4.99,2.10,9.03,9.09,10.16,8.22
2026-04-29,160,MMKJL,29.78,515.0,529.7,508.0,508.2,508.2,0.0,0.0,509.58,2737.0,515.0,1394718.2,62,-6.80,21.70,-1.32,4.27,-0.27,583.99,589.22,699.90,508.00
2026-04-29,161,MNBBL,31.09,371.0,374.9,368.6,368.6,368.6,0.0,0.0,370.05,33562.0,371.0,12419649.4,223,-2.40,6.30,-0.65,1.71,-0.39,365.99,390.52,503.00,340.10
2026-04-29,162,MNMF1,39.14,9.89,10.02,9.6,10.02,10.02,0.0,0.0,9.96,32100.0,9.89,319783.0,31,0.13,0.42,1.31,4.38,0.58,9.36,9.33,10.40,8.53
2026-04-29,163,MPFL,30.44,615.0,616.0,608.0,609.0,609.0,0.0,0.0,611.26,9251.0,615.0,5654807.2,68,-6.00,8.00,-0.98,1.32,-0.37,611.17,608.58,744.00,491.00
2026-04-29,164,MSHL,31.02,718.0,726.0,702.4,724.0,724.0,0.0,0.0,710.74,541.0,718.0,384510.9,23,6.00,23.60,0.84,3.36,1.83,837.79,858.70,979.00,702.40
2026-04-29,165,MSLB,32.62,1289.0,1319.0,1176.6,1260.0,1260.0,0.0,0.0,1253.75,1374.0,1289.0,1722646.7,47,-29.00,142.40,-2.25,12.10,0.50,"1,346.74","1,372.71","1,710.00","1,089.90"
2026-04-29,166,NABBC,33.88,1172.0,1208.0,1156.0,1169.9,1169.9,0.0,0.0,1177.95,9650.0,1209.0,11367241.5,111,-39.10,52.00,-3.23,4.50,-0.69,"1,229.71","1,244.21","1,835.00",662.00
2026-04-29,167,NABIL,33.76,525.0,527.0,522.0,524.9,524.9,0.0,0.0,523.68,36190.0,525.0,18951819.1,491,-0.10,5.00,-0.02,0.96,0.23,508.92,513.85,562.00,471.00
2026-04-29,168,NABILD2089,35.64,1088.9,1065.0,1065.0,1065.0,1065.0,0.0,0.0,1065.0,134.0,1088.9,142710.0,1,-23.90,0.00,-2.19,0.00,0.00,0.00,0.00,"1,125.00","1,000.00"
2026-04-29,169,NADEP,33.53,755.6,755.6,740.0,750.0,750.0,0.0,0.0,745.53,985.0,755.6,734348.8,18,-5.60,15.60,-0.74,2.11,0.60,784.11,808.96,"1,046.00",696.00
2026-04-29,170,NBF2,41.83,9.94,10.2,9.9,10.15,10.15,0.0,0.0,10.16,10100.0,9.94,102590.0,6,0.21,0.30,2.11,3.03,-0.07,9.61,9.79,11.10,8.89
2026-04-29,171,NBF3,22.58,9.86,10.03,9.81,9.85,9.85,0.0,0.0,9.84,14300.0,9.86,140772.0,20,-0.01,0.22,-0.10,2.24,0.06,9.40,9.57,10.67,8.35
2026-04-29,172,NBL,31.56,272.0,276.0,266.0,267.7,267.7,0.0,0.0,267.65,57242.0,272.0,15321063.4,228,-4.30,10.00,-1.58,3.76,0.02,252.31,257.57,313.00,225.40
2026-04-29,173,NBLD85,37.37,1053.3,1061.0,1047.1,1061.0,1061.0,0.0,0.0,1052.03,75.0,1053.3,78902.5,3,7.70,13.90,0.73,1.33,0.85,"1,044.39","1,037.53","1,187.00","1,010.50"
2026-04-29,174,NBLD87,27.43,1082.1,1083.0,1076.1,1083.0,1083.0,0.0,0.0,1079.55,50.0,1082.1,53977.5,2,0.90,6.90,0.08,0.64,0.32,"1,083.79","1,069.29","1,150.00","1,015.50"
2026-04-29,175,NESDO,35.34,1558.0,1540.0,1515.0,1539.8,1539.8,0.0,0.0,1533.18,1185.0,1558.0,1816814.0,24,-18.20,25.00,-1.17,1.65,0.43,"1,532.54","1,564.92","1,879.00","1,380.10"
2026-04-29,176,NFS,30.96,594.0,594.0,588.0,588.3,588.3,0.0,0.0,589.25,7845.0,594.0,4622689.9,99,-5.70,6.00,-0.96,1.02,-0.16,637.98,658.37,851.00,576.00
2026-04-29,177,NGPL,27.71,442.6,444.0,435.6,436.8,436.8,0.0,0.0,438.19,189434.0,442.6,83008729.5,572,-5.80,8.40,-1.31,1.93,-0.32,418.09,412.53,502.00,343.00
2026-04-29,178,NHDL,32.87,626.0,629.8,618.0,629.8,629.8,0.0,0.0,622.74,5450.0,626.0,3393933.3,58,3.80,11.80,0.61,1.91,1.12,673.58,682.54,800.00,618.00
2026-04-29,179,NHPC,19.31,297.0,300.0,288.0,290.0,290.0,0.0,0.0,292.11,596044.0,297.0,174112446.4,1814,-7.00,12.00,-2.36,4.17,-0.73,227.93,221.73,340.00,178.60
2026-04-29,180,NIBD84,47.29,1052.1,1083.6,1053.1,1056.0,1056.0,0.0,0.0,1072.05,325.0,1052.1,348415.0,7,3.90,30.50,0.37,2.90,-1.52,"1,049.82","1,045.12","1,130.00","1,013.10"
2026-04-29,181,NIBLGF,32.56,9.29,9.42,9.14,9.31,9.31,0.0,0.0,9.26,3500.0,9.29,32395.0,13,0.02,0.28,0.22,3.06,0.58,9.09,9.14,11.81,8.24
2026-04-29,182,NIBLSTF,38.95,9.02,9.3,8.95,9.05,9.05,0.0,0.0,9.24,21300.0,9.02,196802.48,18,0.03,0.35,0.33,3.91,-2.09,8.88,8.86,10.85,7.89
2026-04-29,183,NIBSF2,38.9,9.5,9.5,8.98,9.5,9.5,0.0,0.0,9.3,5150.0,9.5,47885.5,17,0.00,0.52,0.00,5.79,2.12,8.92,8.92,11.13,8.06
2026-04-29,184,NICA,32.94,359.0,359.0,349.0,359.0,359.0,0.0,0.0,355.03,86667.0,359.0,30769359.2,335,0.00,10.00,0.00,2.87,1.11,338.59,346.75,428.40,304.50
2026-04-29,185,NICAD2091,23.57,1078.9,1050.0,1050.0,1050.0,1050.0,0.0,0.0,1050.0,25.0,1078.9,26250.0,1,-28.90,0.00,-2.68,0.00,0.00,0.00,0.00,"1,102.60","1,005.20"
2026-04-29,186,NICBF,41.54,9.47,9.98,9.47,9.47,9.47,0.0,0.0,9.48,10000.0,9.47,94825.0,5,0.00,0.51,0.00,5.39,-0.13,9.27,9.36,11.20,8.45
2026-04-29,187,NICD88,35.82,1068.0,1069.0,1069.0,1069.0,1069.0,0.0,0.0,1069.0,25.0,1068.0,26725.0,1,1.00,0.00,0.09,0.00,0.00,"1,065.65","1,050.90","1,153.00","1,019.20"
2026-04-29,188,NICFC,30.08,9.27,9.27,9.0,9.27,9.27,0.0,0.0,9.23,1700.0,9.27,15690.0,14,0.00,0.27,0.00,3.00,0.44,9.11,9.22,10.40,8.37
2026-04-29,189,NICGF2,36.36,9.5,9.78,9.06,9.78,9.78,0.0,0.0,9.7,23669.0,9.5,229568.37,25,0.28,0.72,2.95,7.95,0.83,9.12,9.06,10.03,8.33
2026-04-29,190,NICL,32.64,481.0,489.0,480.0,481.0,481.0,0.0,0.0,482.49,9485.0,481.0,4576411.2,80,0.00,9.00,0.00,1.88,-0.31,510.54,543.10,836.00,477.20
2026-04-29,191,NICLBSL,32.38,581.0,581.0,566.0,578.0,578.0,0.0,0.0,571.97,4770.0,580.0,2728278.6,87,-2.00,15.00,-0.34,2.65,1.04,573.42,594.32,764.00,535.00
2026-04-29,192,NICSF,34.97,9.16,9.4,9.15,9.4,9.4,0.0,0.0,9.16,1900.0,9.16,17410.0,7,0.24,0.25,2.62,2.73,2.52,8.93,9.04,9.99,8.04
2026-04-29,193,NIFRA,33.87,268.0,270.0,261.9,262.0,262.0,0.0,0.0,264.46,102694.0,264.3,27158400.4,570,-2.30,8.10,-0.87,3.09,-0.94,269.62,273.73,328.10,249.90
2026-04-29,194,NIFRAGED,27.02,1041.0,1027.5,1015.1,1027.5,1027.5,0.0,0.0,1019.38,125.0,1041.0,127422.5,4,-13.50,12.40,-1.30,1.22,0.79,"1,026.69",0.00,"1,200.20",948.00
2026-04-29,195,NIL,33.46,610.0,610.0,605.0,609.9,609.9,0.0,0.0,608.4,3027.0,610.0,1841612.5,30,-0.10,5.00,-0.02,0.83,0.25,620.34,643.73,783.90,562.00
2026-04-29,196,NIMB,28.8,201.8,206.0,198.1,199.1,199.1,0.0,0.0,199.72,86139.0,201.8,17203819.4,379,-2.70,7.90,-1.34,3.99,-0.31,199.00,204.97,247.00,184.20
2026-04-29,197,NIMBPO,31.36,152.0,155.9,145.0,151.1,151.1,0.0,0.0,151.72,6147.0,152.0,932605.9,25,-0.90,10.90,-0.59,7.52,-0.41,159.27,161.85,184.50,145.00
2026-04-29,198,NLG,31.61,584.0,614.0,584.0,603.0,603.0,0.0,0.0,599.04,7410.0,614.7,4438861.6,80,-11.70,30.00,-1.90,5.14,0.66,682.28,724.26,976.20,584.00
2026-04-29,199,NLIC,32.54,768.0,770.0,761.0,762.0,762.0,0.0,0.0,764.26,22143.0,768.0,16923019.5,198,-6.00,9.00,-0.78,1.18,-0.30,791.75,791.18,890.00,702.00
2026-04-29,200,NLICL,39.16,590.0,591.9,578.0,588.0,588.0,0.0,0.0,584.9,5858.0,590.0,3426340.4,65,-2.00,13.90,-0.34,2.40,0.53,598.68,604.11,691.00,539.00
2026-04-29,201,NMB,32.1,242.9,247.9,240.1,241.0,241.0,0.0,0.0,240.89,23206.0,242.9,5590025.8,131,-1.90,7.80,-0.78,3.25,0.05,244.21,247.79,283.00,231.00
2026-04-29,202,NMB50,36.71,10.51,10.79,10.79,10.79,10.79,0.0,0.0,10.79,1000.0,10.51,10790.0,1,0.28,0.00,2.66,0.00,0.00,10.34,10.51,11.93,9.75
2026-04-29,203,NMBHF2,24.05,9.62,9.88,9.35,9.59,9.59,0.0,0.0,9.73,15500.0,9.62,150879.0,37,-0.03,0.53,-0.31,5.67,-1.50,9.37,9.25,10.20,8.16
2026-04-29,204,NMBMF,25.63,655.0,646.2,646.0,646.0,646.0,0.0,0.0,646.07,280.0,655.0,180900.0,5,-9.00,0.20,-1.37,0.03,-0.01,679.19,692.91,835.00,596.00
2026-04-29,205,NMFBS,40.03,1109.9,1110.0,1097.0,1110.0,1110.0,0.0,0.0,1102.18,4752.0,1109.9,5237543.7,55,0.10,13.00,0.01,1.19,0.70,"1,200.15","1,240.90","1,504.00","1,086.00"
2026-04-29,206,NMIC,34.24,1084.0,1061.0,1020.0,1026.0,1026.0,0.0,0.0,1034.01,16055.0,1084.0,16601101.7,429,-58.00,41.00,-5.35,4.02,-0.78,"1,282.31","1,338.54","2,703.30","1,020.00"
2026-04-29,207,NMLBBL,33.22,612.4,613.9,607.5,607.5,607.5,0.0,0.0,609.85,6918.0,612.4,4218923.6,65,-4.90,6.40,-0.80,1.05,-0.39,639.07,654.91,807.00,600.00
2026-04-29,208,NRIC,30.67,910.0,915.0,890.0,898.0,898.0,0.0,0.0,900.29,39031.0,910.0,35139203.9,382,-12.00,25.00,-1.32,2.81,-0.25,"1,239.02","1,322.62","1,842.00",887.00
2026-04-29,209,NRM,33.24,395.0,407.4,395.0,399.0,399.0,0.0,0.0,401.89,19449.0,401.0,7816431.9,167,-2.00,12.40,-0.50,3.14,-0.73,426.72,442.81,590.00,390.10
2026-04-29,210,NRN,28.72,1475.0,1485.0,1430.8,1450.0,1450.0,0.0,0.0,1448.15,54746.0,1475.0,79280452.6,568,-25.00,54.20,-1.69,3.79,0.13,"1,604.31","1,788.95","2,444.00","1,327.00"
2026-04-29,211,NSIF2,40.37,11.03,11.0,10.71,10.99,10.99,0.0,0.0,10.91,3105.0,11.03,33875.5,10,-0.04,0.29,-0.36,2.71,0.73,10.50,10.63,11.93,9.75
2026-04-29,212,NSY,30.74,9.31,9.68,9.25,9.67,9.67,0.0,0.0,9.47,18600.0,9.31,176142.5,91,0.36,0.43,3.87,4.65,2.07,0.00,0.00,10.19,9.06
2026-04-29,213,NTC,40.64,876.0,887.0,873.1,874.0,874.0,0.0,0.0,875.7,9723.0,876.0,8514400.4,154,-2.00,13.90,-0.23,1.59,-0.19,869.30,867.53,942.50,762.50
2026-04-29,214,NUBL,33.08,678.0,679.0,670.1,678.7,678.7,0.0,0.0,673.25,2243.0,678.0,1510102.2,30,0.70,8.90,0.10,1.33,0.80,720.07,737.11,854.40,650.00
2026-04-29,215,NWCL,34.76,792.0,789.0,770.0,788.0,788.0,0.0,0.0,777.92,2092.0,792.0,1627408.4,57,-4.00,19.00,-0.51,2.47,1.28,842.57,858.97,"1,045.00",740.20
2026-04-29,216,NYADI,27.86,395.0,396.0,390.6,391.0,391.0,0.0,0.0,392.84,3910.0,395.0,1536012.2,71,-4.00,5.40,-1.01,1.38,-0.47,402.66,413.04,565.00,354.00
2026-04-29,217,OHL,25.45,692.0,703.4,681.4,694.0,694.0,0.0,0.0,689.23,480.0,692.0,330831.1,11,2.00,22.00,0.29,3.23,0.69,711.87,753.41,"1,049.50",633.10
2026-04-29,218,OMPL,29.11,1178.1,1175.0,1155.0,1159.9,1159.9,0.0,0.0,1162.52,3934.0,1178.1,4573338.5,146,-18.20,20.00,-1.54,1.73,-0.23,"1,276.36","1,297.87","2,167.20",270.00
2026-04-29,219,PBD84,29.91,1145.0,1145.0,1145.0,1145.0,1145.0,0.0,0.0,1145.0,25.0,1145.0,28625.0,1,0.00,0.00,0.00,0.00,0.00,"1,101.43",0.00,"1,182.00","1,080.00"
2026-04-29,220,PBD85,39.75,1085.9,1100.0,1100.0,1100.0,1100.0,0.0,0.0,1100.0,25.0,1085.9,27500.0,1,14.10,0.00,1.30,0.00,0.00,"1,065.59","1,055.89","1,150.00","1,033.00"
2026-04-29,221,PBD88,25.77,1164.9,1199.0,1164.9,1183.0,1183.0,0.0,0.0,1182.83,152.0,1164.9,179790.7,10,18.10,34.10,1.55,2.93,0.01,"1,197.38","1,178.77","1,279.90","1,099.70"
2026-04-29,222,PCBL,31.8,241.5,243.0,237.0,238.9,238.9,0.0,0.0,238.32,49765.0,241.5,11860192.8,246,-2.60,6.00,-1.08,2.53,0.24,245.35,249.60,290.00,226.00
2026-04-29,223,PCBLP,48.65,100.0,108.1,103.0,108.1,108.1,0.0,0.0,108.0,500000.0,100.0,53999500.0,3,8.10,5.10,8.10,4.95,0.09,138.35,153.42,108.10,100.00
2026-04-29,224,PCIL,30.53,1039.0,1090.9,943.2,958.1,958.1,0.0,0.0,971.86,208142.0,1039.0,202285218.1,19443,-80.90,147.70,-7.79,15.66,-1.44,0.00,0.00,"1,280.00",300.00
2026-04-29,225,PFL,31.2,380.8,380.0,374.0,378.0,378.0,0.0,0.0,378.41,5683.0,380.8,2150513.9,38,-2.80,6.00,-0.74,1.60,-0.11,383.03,392.62,475.50,352.80
2026-04-29,226,PHCL,31.67,305.0,304.9,300.1,301.0,301.0,0.0,0.0,300.99,88091.0,305.0,26514154.0,325,-4.00,4.80,-1.31,1.60,0.00,305.00,358.68,649.00,249.70
2026-04-29,227,PMHPL,29.53,343.0,342.0,332.0,335.0,335.0,0.0,0.0,335.03,11092.0,343.0,3716161.5,103,-8.00,10.00,-2.33,3.01,-0.01,343.20,356.40,468.00,283.50
2026-04-29,228,PMLI,33.67,469.0,468.0,462.0,462.0,462.0,0.0,0.0,462.66,9917.0,469.0,4588169.9,146,-7.00,6.00,-1.49,1.30,-0.14,494.48,499.61,589.60,445.00
2026-04-29,229,PPCL,27.49,398.0,398.0,377.5,378.2,378.2,0.0,0.0,383.21,10619.0,379.1,4069325.5,69,-0.90,20.50,-0.24,5.43,-1.33,364.23,358.03,462.00,284.10
2026-04-29,230,PPL,27.36,339.0,356.0,339.0,350.0,350.0,0.0,0.0,351.32,17047.0,356.0,5988920.5,165,-6.00,17.00,-1.69,5.01,-0.38,355.63,356.76,530.00,263.20
2026-04-29,231,PRIN,32.46,645.1,646.0,638.0,646.0,646.0,0.0,0.0,641.93,7930.0,645.1,5090511.8,61,0.90,8.00,0.14,1.25,0.63,697.42,729.88,960.30,630.00
2026-04-29,232,PROFL,32.14,463.0,463.0,436.1,443.0,443.0,0.0,0.0,438.14,6155.0,441.0,2696733.5,45,2.00,26.90,0.45,6.17,1.10,465.16,478.51,589.20,421.40
2026-04-29,233,PRSF,33.53,12.98,13.3,12.6,13.05,13.05,0.0,0.0,12.91,1149798.0,12.98,14842163.9,48,0.07,0.70,0.54,5.56,1.08,11.19,11.15,13.61,9.85
2026-04-29,234,PRVU,32.67,199.5,199.5,193.0,196.3,196.3,0.0,0.0,195.67,232563.0,199.5,45504902.4,976,-3.20,6.50,-1.60,3.37,0.32,195.06,202.10,250.90,179.90
2026-04-29,235,PSF,20.1,12.17,12.4,11.92,12.2,12.2,0.0,0.0,12.18,9140.0,12.17,111312.2,27,0.03,0.48,0.25,4.03,0.18,11.04,11.08,13.00,9.91
2026-04-29,236,PURE,32.12,939.0,929.0,906.0,907.0,907.0,0.0,0.0,915.66,11729.0,939.0,10739782.5,150,-32.00,23.00,-3.41,2.54,-0.95,947.91,919.67,"1,327.90",289.30
2026-04-29,237,RADHI,30.84,780.0,775.0,755.0,764.8,764.8,0.0,0.0,763.89,57510.0,780.0,43931577.6,276,-15.20,20.00,-1.95,2.65,0.12,795.97,787.18,940.00,618.05
2026-04-29,238,RAWA,31.93,615.0,610.0,587.0,610.0,610.0,0.0,0.0,596.66,2840.0,615.0,1694525.4,58,-5.00,23.00,-0.81,3.92,2.19,716.30,736.15,888.00,587.00
2026-04-29,239,RBBD2088,32.14,1078.0,1078.0,1078.0,1056.0,1056.0,0.0,0.0,1056.0,2.0,1078.0,2112.0,1,-22.00,0.00,-2.04,0.00,0.00,"1,054.66",0.00,"1,113.00",967.60
2026-04-29,240,RBBF40,35.77,9.31,9.47,9.2,9.31,9.31,0.0,0.0,9.32,2700.0,9.31,25160.0,20,0.00,0.27,0.00,2.93,-0.09,0.00,0.00,10.20,8.98
2026-04-29,241,RBCL,21.42,15250.0,15055.0,15010.0,15010.0,15010.0,0.0,0.0,15061.08,63.0,15250.0,948848.0,7,-240.00,45.00,-1.57,0.30,-0.34,"15,085.23","15,201.73","16,900.00","14,350.00"
2026-04-29,242,RFPL,30.26,354.5,378.0,354.5,370.0,370.0,0.0,0.0,369.78,25301.0,373.0,9355756.1,157,-3.00,23.50,-0.80,6.63,0.06,382.85,416.90,785.00,306.00
2026-04-29,243,RHGCL,30.29,315.0,315.0,292.0,292.6,292.6,0.0,0.0,295.76,38412.0,300.0,11360560.4,166,-7.40,23.00,-2.47,7.88,-1.08,275.72,286.96,601.00,217.20
2026-04-29,244,RHPL,28.79,280.0,285.8,275.2,275.5,275.5,0.0,0.0,276.59,17325.0,280.0,4791926.1,163,-4.50,10.60,-1.61,3.85,-0.40,281.95,293.15,457.00,252.30
2026-04-29,245,RIDI,23.92,360.0,360.0,339.9,340.9,340.9,0.0,0.0,342.73,330123.0,348.0,113144451.8,853,-7.10,20.10,-2.04,5.91,-0.54,276.09,267.17,393.00,203.50
2026-04-29,246,RLEL,31.73,1145.0,1202.2,1100.0,1131.0,1131.0,0.0,0.0,1155.77,51593.0,1145.0,59629831.0,1993,-14.00,102.20,-1.22,9.29,-2.19,0.00,0.00,"1,592.30",300.00
2026-04-29,247,RLFL,33.45,433.0,437.0,417.1,428.0,428.0,0.0,0.0,422.62,29100.0,433.0,12298316.6,119,-5.00,19.90,-1.15,4.77,1.26,444.79,456.81,558.00,398.00
2026-04-29,248,RMF1,28.43,9.88,9.88,9.6,9.62,9.62,0.0,0.0,9.78,7100.0,9.88,69458.0,10,-0.26,0.28,-2.63,2.92,-1.69,9.42,9.55,11.40,8.65
2026-04-29,249,RMF2,36.15,10.2,10.0,10.0,10.0,10.0,0.0,0.0,10.0,100.0,10.2,1000.0,1,-0.20,0.00,-1.96,0.00,0.00,9.62,9.69,10.71,8.78
2026-04-29,250,RNLI,35.87,461.9,470.0,456.3,459.0,459.0,0.0,0.0,458.15,17090.0,461.9,7829865.1,279,-2.90,13.70,-0.63,3.00,0.18,474.22,474.58,545.00,416.00
2026-04-29,251,RSDC,30.78,672.2,672.2,660.1,663.0,663.0,0.0,0.0,664.57,3608.0,672.2,2397775.6,43,-9.20,12.10,-1.37,1.83,-0.24,658.10,672.83,880.00,578.70
2026-04-29,252,RSML,27.08,4000.0,4000.0,3790.0,3810.1,3810.1,0.0,0.0,3856.97,62734.0,4000.0,241963117.5,1510,-189.90,210.00,-4.75,5.54,-1.23,0.00,0.00,"5,049.00",300.00
2026-04-29,253,RSY,25.49,9.97,10.25,9.76,10.06,10.06,0.0,0.0,9.98,4400.0,9.97,43928.0,28,0.09,0.49,0.90,5.02,0.76,9.64,9.53,10.70,8.58
2026-04-29,254,RURU,28.44,665.0,660.0,650.0,655.0,655.0,0.0,0.0,652.18,2267.0,665.0,1478493.3,55,-10.00,10.00,-1.50,1.54,0.43,696.88,710.22,853.00,631.00
2026-04-29,255,SABBL,26.82,1429.0,1410.0,1355.0,1366.0,1366.0,0.0,0.0,1385.17,37096.0,1429.0,51384151.8,1094,-63.00,55.00,-4.41,4.06,-1.40,0.00,0.00,"2,000.00",300.00
2026-04-29,256,SADBL,32.5,416.0,418.0,411.0,415.0,415.0,0.0,0.0,413.58,19843.0,416.0,8206737.8,90,-1.00,7.00,-0.24,1.70,0.34,412.45,420.67,526.50,376.00
2026-04-29,257,SAGAR,31.23,1780.0,1777.0,1727.0,1735.0,1735.0,0.0,0.0,1735.35,6969.0,1780.0,12093632.0,185,-45.00,50.00,-2.53,2.90,-0.02,0.00,0.00,"2,439.00",319.50
2026-04-29,258,SAGF,41.41,10.0,10.2,10.0,10.06,10.06,0.0,0.0,10.07,11500.0,10.11,115817.8,18,-0.05,0.20,-0.49,2.00,-0.11,9.79,9.87,11.31,8.79
2026-04-29,259,SAHAS,39.7,618.4,619.8,611.5,617.9,617.9,0.0,0.0,617.6,52203.0,618.4,32240702.4,447,-0.50,8.30,-0.08,1.36,0.05,593.36,609.61,705.00,495.00
2026-04-29,260,SAIL,24.39,1155.0,1212.7,1120.0,1122.0,1122.0,0.0,0.0,1138.63,35070.0,1155.0,39931823.1,597,-33.00,92.70,-2.86,8.28,-1.48,0.00,0.00,"1,690.00",301.70
2026-04-29,261,SALICO,29.96,595.2,600.0,591.0,594.0,594.0,0.0,0.0,594.08,3438.0,595.2,2042439.6,35,-1.20,9.00,-0.20,1.52,-0.01,603.97,630.18,765.90,570.10
2026-04-29,262,SANIMA,34.29,349.0,350.9,344.0,346.9,346.9,0.0,0.0,347.53,43417.0,349.0,15088848.4,214,-2.10,6.90,-0.60,2.01,-0.18,330.14,339.51,391.00,295.00
2026-04-29,263,SANVI,28.87,704.0,707.0,685.0,697.0,697.0,0.0,0.0,689.69,14799.0,704.0,10206785.5,304,-7.00,22.00,-0.99,3.21,1.05,737.15,0.00,"1,060.00",359.00
2026-04-29,264,SAPDBL,42.16,838.0,951.5,820.9,831.8,831.8,0.0,0.0,845.13,80870.0,838.0,68345476.7,510,-6.20,130.60,-0.74,15.91,-1.60,845.68,864.14,"1,284.00",686.00
2026-04-29,265,SARBTM,25.93,839.5,840.2,831.0,833.0,833.0,0.0,0.0,835.72,5272.0,839.5,4405921.7,76,-6.50,9.20,-0.77,1.11,-0.33,877.82,886.31,"1,048.00",810.00
2026-04-29,266,SBCF,21.08,9.6,9.7,9.51,9.54,9.54,0.0,0.0,9.61,6050.0,9.6,58133.0,15,-0.06,0.19,-0.63,2.00,-0.72,9.37,9.51,12.03,8.82
2026-04-29,267,SBD87,22.65,1085.0,1085.0,1085.0,1085.0,1085.0,0.0,0.0,1085.0,25.0,1085.0,27125.0,1,0.00,0.00,0.00,0.00,0.00,"1,073.14","1,059.49","1,139.00","1,019.50"
2026-04-29,268,SBI,28.89,402.0,407.9,396.4,399.6,399.6,0.0,0.0,397.09,13887.0,402.0,5514430.1,64,-2.40,11.50,-0.60,2.90,0.63,404.83,405.31,452.00,363.00
2026-04-29,269,SBID2090,33.48,1075.0,1065.0,1043.4,1065.0,1065.0,0.0,0.0,1062.3,200.0,1075.0,212460.0,2,-10.00,21.60,-0.93,2.07,0.25,0.00,0.00,"1,107.00","1,000.00"
2026-04-29,270,SBID83,37.78,1080.0,1075.0,1075.0,1075.0,1075.0,0.0,0.0,1075.0,30.0,1080.0,32250.0,1,-5.00,0.00,-0.46,0.00,0.00,"1,086.04","1,089.11","1,226.00","1,025.00"
2026-04-29,271,SBL,34.85,389.0,392.0,385.0,386.9,386.9,0.0,0.0,385.8,70907.0,389.0,27355934.5,204,-2.10,7.00,-0.54,1.82,0.28,373.74,371.85,424.00,261.00
2026-04-29,272,SBLD2091,38.83,1065.0,1080.0,1051.5,1080.0,1080.0,0.0,0.0,1061.99,78.0,1065.0,82835.0,4,15.00,28.50,1.41,2.71,1.67,0.00,0.00,"1,150.00",825.35
2026-04-29,273,SBLD84,31.95,1100.0,1100.0,1100.0,1100.0,1100.0,0.0,0.0,1100.0,75.0,1100.0,82500.0,2,0.00,0.00,0.00,0.00,0.00,"1,037.61",988.61,"1,115.00","1,031.30"
2026-04-29,274,SCB,31.04,643.0,640.1,638.3,639.4,639.4,0.0,0.0,639.44,7418.0,643.0,4743365.3,117,-3.60,1.80,-0.56,0.28,-0.01,642.78,642.33,712.60,594.90
2026-04-29,275,SCBD,26.49,1080.0,1096.7,1096.7,1096.7,1096.7,0.0,0.0,1096.7,25.0,1080.0,27417.5,1,16.70,0.00,1.55,0.00,0.00,"1,135.61",0.00,"1,236.00","1,080.00"
2026-04-29,276,SDBD87,16.73,1142.0,1142.0,1142.0,1095.0,1095.0,0.0,0.0,1095.0,2.0,1142.0,2190.0,1,-47.00,0.00,-4.12,0.00,0.00,"1,110.26","1,094.19","1,196.20","1,045.70"
2026-04-29,277,SEF,43.55,9.77,10.0,9.81,9.99,9.99,0.0,0.0,9.87,26550.0,9.77,262103.0,16,0.22,0.19,2.25,1.94,1.18,9.61,9.78,11.53,8.60
2026-04-29,278,SFCL,31.27,397.3,397.3,377.0,380.5,380.5,0.0,0.0,381.28,7052.0,380.0,2688758.6,46,0.50,20.30,0.13,5.38,-0.20,395.19,419.94,565.00,359.40
2026-04-29,279,SFEF,38.46,10.0,10.1,9.99,9.99,9.99,0.0,0.0,10.0,90350.0,10.1,903765.5,18,-0.11,0.11,-1.09,1.10,-0.13,9.64,9.68,11.12,8.82
2026-04-29,280,SFMF,40.91,10.7,10.69,10.38,10.69,10.69,0.0,0.0,10.41,5600.0,10.7,58283.0,4,-0.01,0.31,-0.09,2.99,2.64,10.16,10.29,11.74,9.40
2026-04-29,281,SGHC,30.58,370.4,381.0,370.2,373.0,373.0,0.0,0.0,372.73,16790.0,370.4,6258147.9,152,2.60,10.80,0.70,2.92,0.07,395.53,391.67,519.00,296.00
2026-04-29,282,SGIC,34.24,475.2,478.0,470.0,474.9,474.9,0.0,0.0,471.88,13362.0,475.2,6305291.4,102,-0.30,8.00,-0.06,1.70,0.64,481.01,506.89,632.00,439.00
2026-04-29,283,SGICP,23.25,260.0,258.0,258.0,258.0,258.0,0.0,0.0,258.0,78475.0,260.0,20246550.0,1,-2.00,0.00,-0.77,0.00,0.00,0.00,0.00,323.00,258.00
2026-04-29,284,SHEL,30.0,311.0,315.0,305.0,307.0,307.0,0.0,0.0,307.41,121321.0,311.0,37295745.3,447,-4.00,10.00,-1.29,3.28,-0.13,299.52,299.75,361.00,260.00
2026-04-29,285,SHINE,29.92,401.8,405.0,400.1,401.4,401.4,0.0,0.0,401.46,18322.0,401.8,7355598.1,113,-0.40,4.90,-0.10,1.22,-0.02,408.36,415.11,499.00,382.00
2026-04-29,286,SHINED,42.95,1143.4,1141.0,1115.0,1141.0,1141.0,0.0,0.0,1130.92,181.0,1143.4,204696.0,4,-2.40,26.00,-0.21,2.33,0.88,0.00,0.00,"1,200.00","1,000.00"
2026-04-29,287,SHIVM,24.46,666.0,672.0,656.0,658.0,658.0,0.0,0.0,660.69,187670.0,666.0,123992544.7,795,-8.00,16.00,-1.20,2.44,-0.41,624.73,615.82,730.00,495.00
2026-04-29,288,SHL,26.45,501.9,501.0,490.0,498.0,498.0,0.0,0.0,497.78,14002.0,501.9,6969867.0,68,-3.90,11.00,-0.78,2.24,0.04,504.68,521.88,619.00,464.00
2026-04-29,289,SHLB,36.52,1476.1,1489.9,1452.0,1489.9,1489.9,0.0,0.0,1471.54,390.0,1476.1,573901.0,8,13.80,37.90,0.93,2.61,1.23,"1,658.22","1,753.85","2,172.00","1,452.00"
2026-04-29,290,SHPC,29.6,517.0,519.0,512.5,515.0,515.0,0.0,0.0,514.97,12212.0,517.0,6288769.6,116,-2.00,6.50,-0.39,1.27,0.01,530.40,543.91,684.90,475.00
2026-04-29,291,SICL,33.85,618.1,620.1,615.3,616.0,616.0,0.0,0.0,615.87,6822.0,618.1,4201475.0,84,-2.10,4.80,-0.34,0.78,0.02,636.58,670.53,828.00,588.80
2026-04-29,292,SIFC,23.34,548.5,547.0,535.6,543.0,543.0,0.0,0.0,541.37,2462.0,548.5,1332863.2,32,-5.50,11.40,-1.00,2.13,0.30,544.99,537.99,687.40,459.00
2026-04-29,293,SIGS2,37.77,10.5,10.2,10.2,10.2,10.2,0.0,0.0,10.2,13900.0,10.5,141780.0,4,-0.30,0.00,-2.86,0.00,0.00,9.73,9.93,11.70,8.90
2026-04-29,294,SIGS3,21.36,10.77,10.77,10.46,10.5,10.5,0.0,0.0,10.58,1453.0,10.77,15374.81,8,-0.27,0.31,-2.51,2.96,-0.78,9.96,10.03,11.46,8.50
2026-04-29,295,SIKLES,32.74,592.0,592.0,581.2,587.0,587.0,0.0,0.0,585.38,14527.0,592.0,8503820.0,117,-5.00,10.80,-0.84,1.86,0.28,618.08,698.66,"1,177.00",540.00
2026-04-29,296,SINDU,29.55,758.9,764.0,745.0,747.0,747.0,0.0,0.0,750.61,9762.0,758.9,7327498.9,122,-11.90,19.00,-1.57,2.55,-0.48,752.16,762.94,"1,059.50",608.00
2026-04-29,297,SIPD,31.98,1002.0,1002.0,891.0,902.6,902.6,0.0,0.0,919.41,126545.0,1002.0,116346783.0,12627,-99.40,111.00,-9.92,12.46,-1.86,0.00,0.00,"1,216.80",284.30
2026-04-29,298,SJCL,32.67,306.0,305.0,297.0,300.0,300.0,0.0,0.0,300.27,22766.0,306.0,6835865.5,140,-6.00,8.00,-1.96,2.69,-0.09,299.73,302.54,365.00,267.00
2026-04-29,299,SJLIC,30.44,435.0,434.0,429.1,430.0,430.0,0.0,0.0,430.42,9050.0,435.0,3895255.8,133,-5.00,4.90,-1.15,1.14,-0.10,447.62,445.07,489.90,390.00
2026-04-29,300,SKBBL,29.56,765.0,769.0,760.0,761.0,761.0,0.0,0.0,761.19,9385.0,765.0,7143727.3,132,-4.00,9.00,-0.52,1.18,-0.02,809.46,836.82,999.00,750.00
2026-04-29,301,SKHEL,30.49,1414.0,1509.0,1363.0,1400.0,1400.0,0.0,0.0,1424.8,32134.0,1414.0,45784530.8,1446,-14.00,146.00,-0.99,10.71,-1.77,0.00,0.00,"2,069.40",284.30
2026-04-29,302,SKHL,29.53,995.0,1024.0,935.0,962.0,962.0,0.0,0.0,964.4,45797.0,995.0,44166608.9,1703,-33.00,89.00,-3.32,9.52,-0.25,0.00,0.00,"1,360.00",300.00
2026-04-29,303,SLBBL,33.4,813.9,818.0,810.0,815.0,815.0,0.0,0.0,815.75,4355.0,813.9,3552588.7,83,1.10,8.00,0.14,0.99,-0.09,856.51,894.28,"1,155.00",780.00
2026-04-29,304,SLBSL,29.03,1231.9,1220.0,1195.0,1220.0,1220.0,0.0,0.0,1201.1,1019.0,1231.9,1223916.3,27,-11.90,25.00,-0.97,2.09,1.55,"1,328.43","1,391.14","1,694.90","1,195.00"
2026-04-29,305,SLCF,27.99,9.75,9.9,9.51,9.8,9.8,0.0,0.0,9.75,19900.0,9.75,194076.66,16,0.05,0.39,0.51,4.10,0.48,9.49,9.69,11.99,8.60
2026-04-29,306,SMATA,37.09,766.0,775.0,760.0,760.0,760.0,0.0,0.0,764.89,11044.0,766.0,8447492.7,122,-6.00,15.00,-0.78,1.97,-0.64,804.44,858.45,"1,382.00",734.10
2026-04-29,307,SMATAP,18.12,421.0,421.0,421.0,421.0,421.0,0.0,0.0,421.0,2000.0,421.0,842000.0,1,0.00,0.00,0.00,0.00,0.00,0.00,0.00,593.00,421.00
2026-04-29,308,SMB,35.67,1768.0,1772.0,1725.0,1730.0,1730.0,0.0,0.0,1744.35,1254.0,1768.0,2187408.9,43,-38.00,47.00,-2.15,2.72,-0.83,"1,952.06","2,064.17","2,600.00","1,710.10"
2026-04-29,309,SMFBS,17.72,1685.0,1685.0,1642.5,1643.0,1643.0,0.0,0.0,1640.47,73.0,1685.0,119754.0,11,-42.00,42.50,-2.49,2.59,0.15,"1,685.15","1,711.05","2,026.00","1,490.00"
2026-04-29,310,SMH,32.39,568.0,585.0,550.0,552.1,552.1,0.0,0.0,554.87,26585.0,568.0,14751349.1,221,-15.90,35.00,-2.80,6.36,-0.50,713.90,767.29,"1,024.80",550.00
2026-04-29,311,SMHL,30.55,498.0,501.0,490.0,490.5,490.5,0.0,0.0,494.28,54178.0,498.0,26779226.6,247,-7.50,11.00,-1.51,2.24,-0.77,606.54,729.18,"1,230.00",443.00
2026-04-29,312,SMJC,28.64,467.0,467.0,459.0,460.0,460.0,0.0,0.0,460.92,18014.0,467.0,8302950.3,159,-7.00,8.00,-1.50,1.74,-0.20,494.28,517.28,679.30,459.00
2026-04-29,313,SMPDA,31.45,846.3,859.0,821.1,838.0,838.0,0.0,0.0,835.08,3412.0,846.3,2849303.8,69,-8.30,37.90,-0.98,4.62,0.35,891.10,916.96,"1,155.00",821.00
2026-04-29,314,SNLI,30.35,454.9,455.0,450.3,452.0,452.0,0.0,0.0,451.02,5230.0,454.9,2358849.3,256,-2.90,4.70,-0.64,1.04,0.22,476.03,475.86,538.00,411.60
2026-04-29,315,SOHL,21.02,760.0,798.0,722.0,741.0,741.0,0.0,0.0,736.75,241567.0,760.0,177973510.5,4813,-19.00,76.00,-2.50,10.53,0.57,0.00,0.00,875.50,300.00
2026-04-29,316,SONA,25.53,437.0,436.0,431.2,433.0,433.0,0.0,0.0,432.63,16103.0,437.0,6966718.0,249,-4.00,4.80,-0.92,1.11,0.08,435.29,442.37,523.30,398.00
2026-04-29,317,SPC,28.67,470.0,480.0,456.1,465.0,465.0,0.0,0.0,461.67,11576.0,470.0,5344303.2,113,-5.00,23.90,-1.06,5.24,0.72,499.09,506.51,591.00,441.00
2026-04-29,318,SPDL,26.79,399.0,402.0,392.0,393.0,393.0,0.0,0.0,394.66,21687.0,399.0,8559018.8,142,-6.00,10.00,-1.50,2.55,-0.42,412.75,410.26,474.00,345.00
2026-04-29,319,SPHL,31.7,497.4,519.9,497.4,515.0,515.0,0.0,0.0,514.34,2254.0,523.0,1159324.0,27,-8.00,22.50,-1.53,4.52,0.13,545.63,566.28,736.00,477.10
2026-04-29,320,SPIL,36.13,720.0,712.0,705.0,711.5,711.5,0.0,0.0,709.47,10038.0,720.0,7121691.1,45,-8.50,7.00,-1.18,0.99,0.28,710.73,740.78,894.50,625.00
2026-04-29,321,SPL,36.65,724.0,722.9,710.0,719.0,719.0,0.0,0.0,717.26,856.0,724.0,613971.0,13,-5.00,12.90,-0.69,1.82,0.24,830.00,860.98,"1,035.00",670.40
2026-04-29,322,SRLI,28.71,394.0,392.0,387.1,391.0,391.0,0.0,0.0,390.16,8117.0,394.0,3166927.8,172,-3.00,4.90,-0.76,1.27,0.21,397.90,399.87,451.10,363.90
2026-04-29,323,SSHL,24.27,204.3,218.0,204.3,213.0,213.0,0.0,0.0,213.09,215377.0,215.0,45895486.6,706,-2.00,13.70,-0.93,6.71,-0.04,187.75,197.55,313.80,151.00
2026-04-29,324,STC,41.36,5937.0,5985.0,5826.0,5895.0,5895.0,0.0,0.0,5904.17,902.0,5937.0,5325561.1,18,-42.00,159.00,-0.71,2.73,-0.16,"5,582.68","5,486.71","6,335.90","4,832.00"
2026-04-29,325,SWASTIK,31.41,2517.0,2500.0,2454.2,2480.0,2480.0,0.0,0.0,2465.04,1896.0,2517.0,4673722.1,68,-37.00,45.80,-1.47,1.87,0.60,0.00,0.00,"3,400.00",391.70
2026-04-29,326,SWBBL,28.01,729.0,727.0,720.0,725.0,725.0,0.0,0.0,723.13,2689.0,729.0,1944493.2,36,-4.00,7.00,-0.55,0.97,0.26,764.15,802.24,"1,046.50",711.00
2026-04-29,327,SWMF,30.84,661.0,661.0,653.2,660.0,660.0,0.0,0.0,657.24,1837.0,661.0,1207355.1,39,-1.00,7.80,-0.15,1.19,0.42,683.24,703.40,868.10,641.10
2026-04-29,328,SYPNL,30.05,1520.0,1520.0,1435.0,1445.0,1445.0,0.0,0.0,1470.37,102090.0,1520.0,150109828.1,1901,-75.00,85.00,-4.93,5.92,-1.76,0.00,0.00,"2,255.90",319.80
2026-04-29,329,TAMOR,32.57,465.0,465.0,436.5,439.0,439.0,0.0,0.0,439.55,56543.0,443.0,24853402.6,190,-4.00,28.50,-0.90,6.53,-0.12,452.53,471.24,576.00,396.40
2026-04-29,330,TPC,30.1,373.5,375.9,369.1,369.6,369.6,0.0,0.0,370.08,23787.0,373.5,8803122.6,131,-3.90,6.80,-1.04,1.84,-0.13,368.77,367.57,616.00,270.10
2026-04-29,331,TRH,33.36,745.1,750.0,735.0,743.1,743.1,0.0,0.0,746.12,2051.0,745.1,1530282.1,19,-2.00,15.00,-0.27,2.04,-0.41,738.86,804.35,"1,086.30",681.10
2026-04-29,332,TSHL,29.68,647.0,649.0,629.0,638.6,638.6,0.0,0.0,639.04,1230.0,647.0,786023.8,28,-8.40,20.00,-1.30,3.18,-0.07,727.93,751.65,989.00,616.80
2026-04-29,333,TTL,31.03,807.1,825.0,790.0,794.0,794.0,0.0,0.0,797.27,18580.0,807.1,14813363.8,455,-13.10,35.00,-1.62,4.43,-0.41,840.04,0.00,"1,262.80",366.10
2026-04-29,334,TVCL,35.17,559.0,550.0,520.0,520.0,520.0,0.0,0.0,528.95,29418.0,559.0,15560650.7,75,-39.00,30.00,-6.98,5.77,-1.72,502.21,494.06,689.00,377.60
2026-04-29,335,UAIL,32.62,446.0,444.9,438.0,438.0,438.0,0.0,0.0,440.66,9360.0,446.0,4124579.2,102,-8.00,6.90,-1.79,1.58,-0.61,460.88,486.77,644.40,422.10
2026-04-29,336,UHEWA,30.09,568.1,578.8,566.0,566.0,566.0,0.0,0.0,568.8,6975.0,568.1,3967393.8,93,-2.10,12.80,-0.37,2.26,-0.50,580.72,582.79,669.00,508.50
2026-04-29,337,ULBSL,33.74,3013.0,3043.0,2911.1,2993.5,2993.5,0.0,0.0,2968.87,3399.0,3013.0,10091190.1,36,-19.50,131.90,-0.65,4.53,0.82,"3,434.12","3,477.08","4,325.00","2,900.00"
2026-04-29,338,ULHC,29.7,485.0,513.0,484.6,495.0,495.0,0.0,0.0,492.33,10368.0,485.0,5104522.8,104,10.00,28.40,2.06,5.86,0.54,490.35,488.00,599.00,411.70
2026-04-29,339,UMHL,27.07,580.0,575.0,566.7,574.8,574.8,0.0,0.0,570.95,20286.0,580.0,11582374.3,121,-5.20,8.30,-0.90,1.46,0.67,590.17,580.96,706.00,480.90
2026-04-29,340,UMRH,24.77,531.4,535.0,528.0,532.0,532.0,0.0,0.0,530.61,4546.0,531.4,2412168.6,55,0.60,7.00,0.11,1.33,0.26,557.75,574.04,675.00,512.00
2026-04-29,341,UNHPL,29.18,487.9,487.0,475.0,475.4,475.4,0.0,0.0,477.28,46481.0,487.9,22184529.2,150,-12.50,12.00,-2.56,2.53,-0.40,500.77,475.14,571.00,314.40
2026-04-29,342,UNL,44.43,47050.0,47020.0,46999.0,47000.0,47000.0,0.0,0.0,47003.6,50.0,47050.0,2350180.0,3,-50.00,21.00,-0.11,0.04,-0.01,"47,134.30","47,117.70","50,724.00","45,000.00"
2026-04-29,343,UNLB,32.95,1455.5,1469.0,1422.0,1435.0,1435.0,0.0,0.0,1437.5,1077.0,1455.5,1548188.0,29,-20.50,47.00,-1.41,3.31,-0.17,"1,855.69","1,970.55","2,480.00","1,407.00"
2026-04-29,344,UPCL,29.67,378.5,377.0,370.5,372.0,372.0,0.0,0.0,373.37,59933.0,378.5,22377289.8,221,-6.50,6.50,-1.72,1.75,-0.37,377.39,384.62,489.00,343.10
2026-04-29,345,UPPER,33.24,205.6,208.0,203.0,203.4,203.4,0.0,0.0,203.94,181063.0,205.6,36925767.0,806,-2.20,5.00,-1.07,2.46,-0.26,190.80,192.25,242.60,166.00
2026-04-29,346,USHEC,31.14,487.5,490.0,479.4,483.0,483.0,0.0,0.0,483.2,12734.0,487.5,6153058.2,78,-4.50,10.60,-0.92,2.21,-0.04,479.20,478.22,580.20,410.00
2026-04-29,347,USHL,29.38,650.0,649.0,630.0,649.0,649.0,0.0,0.0,635.05,1835.0,650.0,1165314.0,42,-1.00,19.00,-0.15,3.02,2.15,750.50,733.46,945.00,588.00
2026-04-29,348,USLB,32.55,1324.0,1319.0,1298.0,1298.0,1298.0,0.0,0.0,1302.49,2211.0,1324.0,2879808.3,66,-26.00,21.00,-1.96,1.62,-0.35,"1,559.98","1,736.13","2,750.00","1,298.00"
2026-04-29,349,VLBS,31.51,724.9,724.1,703.0,705.0,705.0,0.0,0.0,712.32,10153.0,724.9,7232204.4,298,-19.90,21.10,-2.75,3.00,-1.04,772.62,799.41,"1,008.00",703.00
2026-04-29,350,VLUCL,31.13,512.2,510.3,495.0,495.0,495.0,0.0,0.0,500.74,8967.0,512.2,4490115.1,124,-17.20,15.30,-3.36,3.09,-1.16,564.83,576.16,664.80,495.00
2026-04-29,351,WNLB,33.71,1482.0,1470.0,1441.1,1460.0,1460.0,0.0,0.0,1458.85,762.0,1482.0,1111641.0,30,-22.00,28.90,-1.48,2.01,0.08,"1,708.58","1,852.39","2,922.00","1,242.10"
